3589761728	ACC	-1.8625133	6.452246	7.6483583
3589761733	ACC	-2.1212373	6.493223	8.060522
3589761738	ACC	-2.2911277	6.471389	8.2761755
3589761743	ACC	-2.4182463	6.5051875	8.259425
3589761748	ACC	-2.3967109	6.4737816	8.177771
3589761753	ACC	-2.3365912	6.346962	8.16102
3589761758	ACC	-2.2624137	6.207879	8.0868435
3589761763	ACC	-2.3222344	6.1863437	7.969296
3589761768	ACC	-2.300699	5.9877396	7.8831544
3589761773	ACC	-1.9534405	5.4125648	7.6483583
3589761778	ACC	-1.9319052	5.573183	7.545467
3589761783	ACC	-2.178665	6.0284176	7.45454
3589761788	ACC	-2.437389	6.2030935	7.329814
3589761793	ACC	-2.6602206	6.2751775	7.2269225
3589761798	ACC	-2.777469	6.270392	7.111768
3589761803	ACC	-2.7559335	6.270392	6.826723
3589761808	ACC	-2.585744	6.2919273	6.4411793
3589761813	ACC	-2.4158535	6.40439	6.091229
3589761818	ACC	-2.32702	6.48096	5.8854465
3589761823	ACC	-2.3847468	6.3996043	5.7966127
3589761828	ACC	-2.5666013	6.2198434	5.751149
3589761833	ACC	-2.7439694	6.0284176	5.7056856
3589761838	ACC	-2.9189446	6.0451674	5.593223
3589761843	ACC	-2.8444679	6.256035	5.5259247
3589761848	ACC	-2.6769702	6.3517475	5.4206405
3589761853	ACC	-2.7320054	6.4618177	5.5860443
3589761858	ACC	-2.9237301	6.5865436	5.6123657
3589761863	ACC	-3.074478	6.6224356	5.4996037
3589761868	ACC	-3.1920254	6.6367927	5.332106
3589761873	ACC	-3.2422748	6.591329	5.154738
3589761878	ACC	-3.2279177	6.543473	5.0805607
3589761883	ACC	-3.237489	6.418747	5.094918
3589761889	ACC	-3.1609187	6.1504517	5.1092744
3589761894	ACC	-3.1055846	5.843871	4.9725847
3589761899	ACC	-3.086442	5.6330037	4.855336
3589761904	ACC	-3.1438699	5.522934	4.814658
3589761909	ACC	-3.2805598	5.532505	4.8936214
3589761914	ACC	-3.5392838	5.6688957	5.1882377
3589761919	ACC	-3.874578	5.966204	5.506782
3589761924	ACC	-4.1237307	6.1887364	5.482854
3589761929	ACC	-4.1404805	6.224928	5.238487
3589761934	ACC	-4.025625	6.15763	5.0303116
3589761939	ACC	-3.8578284	5.982954	5.044668
3589761944	ACC	-3.6349967	5.762515	5.195416
3589761949	ACC	-3.3667014	5.465506	5.4086766
3589761954	ACC	-3.0960133	5.082056	5.6386867
3589761959	ACC	-2.842075	4.77069	5.8543396
3589761964	ACC	-2.6048865	4.607679	5.940481
3589761969	ACC	-2.3584259	4.55743	5.93091
3589761974	ACC	-2.1667008	4.610072	5.892625
3589761979	ACC	-2.0443678	4.768297	5.839983
3589761984	ACC	-2.0371895	5.0007	5.8157554
3589761989	ACC	-2.1451654	5.367101	5.8037915
3589761994	ACC	-2.2504497	5.7553368	5.686543
3589761999	ACC	-2.32702	6.1767726	5.5716877
3589762004	ACC	-2.3775685	6.536294	5.4589257
3589762009	ACC	-2.4876382	6.7878394	5.401498
3589762014	ACC	-2.6338995	6.984051	5.4110694
3589762019	ACC	-2.8540392	7.175776	5.569295
3589762024	ACC	-3.0696924	7.3340015	5.7655063
3589762029	ACC	-3.2327034	7.460821	5.9644094
3589762034	ACC	-3.3906298	7.448857	6.1561346
3589762039	ACC	-3.4507494	7.4033933	6.3164535
3589762044	ACC	-3.4244282	7.283453	6.4555364
3589762049	ACC	-3.318845	7.1135626	6.606284
3589762054	ACC	-3.1366913	7.003194	6.798009
3589762059	ACC	-2.966801	6.9266233	6.9009004
3589762064	ACC	-2.8755746	6.835696	6.975377
3589762069	ACC	-2.8396823	6.7854466	7.073483
3589762074	ACC	-2.7511477	6.7301126	7.16441
3589762079	ACC	-2.6024938	6.6272216	7.1886373
3589762084	ACC	-2.5211377	6.6344	7.2245297
3589762089	ACC	-2.4732814	6.6559353	7.2006016
3589762094	ACC	-2.4014966	6.646364	7.0806613
3589762099	ACC	-2.3198416	6.6224356	6.8650084
3589762104	ACC	-2.2456641	6.591329	6.6448684
3589762109	ACC	-2.1858435	6.536294	6.460322
3589762114	ACC	-2.0611176	6.5195446	6.3547387
3589762119	ACC	-1.9654047	6.543473	6.2231336
3589762124	ACC	-1.8218354	6.560222	6.079265
3589762129	ACC	-1.6851454	6.553044	5.8950176
3589762134	ACC	-1.5535401	6.4908304	5.791827
3589762139	ACC	-1.4886348	6.3948183	5.712864
3589762144	ACC	-1.4551352	6.306284	5.736792
3589762149	ACC	-1.3689936	6.183951	5.782256
3589762154	ACC	-1.3307085	6.0547385	5.8301125
3589762159	ACC	-1.3570296	5.9300127	5.9117675
3589762164	ACC	-1.4838492	5.788836	5.9620166
3589762169	ACC	-1.6588243	5.6784673	6.0696936
3589762174	ACC	-1.8984057	5.573183	6.2087765
3589762179	ACC	-2.0877378	5.5205407	6.278168
3589762184	ACC	-2.1882362	5.395815	6.220741
3589762189	ACC	-2.2528424	5.2283173	6.1322064
3589762194	ACC	-2.271985	5.1203413	6.02423
3589762199	ACC	-2.2576282	5.015057	5.918946
3589762204	ACC	-2.2695923	4.933701	5.7559347
3589762209	ACC	-2.2791636	4.808975	5.537889
3589762214	ACC	-2.288735	4.639085	5.324928
3589762219	ACC	-2.2935205	4.516752	5.104489
3589762224	ACC	-2.2121646	4.421039	4.8505507
3589762229	ACC	-2.1667008	4.269992	4.5272202
3589762234	ACC	-2.1332014	4.1024942	4.1700916
3589762239	ACC	-2.1164517	3.9681973	3.8778682
3589762244	ACC	-2.085345	4.0040894	3.8036907
3589762249	ACC	-2.1020947	4.2125645	3.801298
3589762254	ACC	-2.193022	4.488038	3.8778682
3589762259	ACC	-2.3198416	4.78744	4.0815573
3589762264	ACC	-2.37039	5.007879	4.395316
3589762269	ACC	-2.382354	5.15414	4.805087
3589762274	ACC	-2.32702	5.168497	5.3273206
3589762279	ACC	-2.1332014	5.0198426	5.8423758
3589762284	ACC	-1.8888344	4.868796	6.335596
3589762289	ACC	-1.7904296	4.727619	6.7573314
3589762294	ACC	-1.797608	4.5335016	7.154839
3589762299	ACC	-1.8409779	4.3298125	7.6603227
3589762304	ACC	-1.9055841	4.1288157	8.204091
3589762309	ACC	-2.0659032	3.8174493	8.659326
3589762315	ACC	-2.3222344	3.496213	9.085847
3589762319	ACC	-2.5833511	3.2279177	9.366106
3589762324	ACC	-2.9021947	2.9620154	9.557532
3589762330	ACC	-3.4316068	2.9141588	9.744472
3589762335	ACC	-3.9343987	3.0675986	10.046266
3589762340	ACC	-4.408776	3.237489	10.439287
3589762345	ACC	-4.78744	3.359822	10.721939
3589762350	ACC	-5.058128	3.4076786	10.776974
3589762355	ACC	-5.1586266	3.3670006	10.59482
3589762360	ACC	-5.1681976	3.4316068	10.285848
3589762365	ACC	-5.098806	3.5009987	10.036695
3589762370	ACC	-5.0341997	3.524927	9.830613
3589762375	ACC	-4.9381876	3.5611184	9.667901
3589762380	ACC	-4.8640103	3.5153556	9.45464
3589762385	ACC	-4.808975	3.5730824	9.217452
3589762390	ACC	-4.7416773	3.8174493	9.234201
3589762395	ACC	-4.6005006	4.21735	9.507282
3589762400	ACC	-4.229314	4.746762	9.912268
3589762405	ACC	-3.7477584	5.2331033	9.766006
3589762410	ACC	-3.2303107	5.4990053	9.195916
3589762415	ACC	-2.6506493	5.7338014	8.395817
3589762420	ACC	-2.4254248	6.143273	7.789834
3589762425	ACC	-2.3895326	6.1863437	7.0399833
3589762430	ACC	-2.2767708	5.8127646	6.3427744
3589762435	ACC	-2.14038	5.427221	5.7607207
3589762440	ACC	-2.1427727	5.137091	5.1810594
3589762445	ACC	-2.4086752	4.90738	4.570291
3589762450	ACC	-2.7750762	4.66062	3.9544384
3589762455	ACC	-3.1342986	4.3731823	3.7031922
3589762460	ACC	-3.7214375	4.104887	3.0011978
3589762465	ACC	-4.1261234	1.4291133	2.2824538
3589762470	ACC	-4.0495534	-0.3077768	1.2523435
3589762475	ACC	-4.6746783	0.40857446	2.34706
3589762480	ACC	-5.3623157	1.4530416	3.8706896
3589762485	ACC	-6.5814586	2.2938197	5.159524
3589762490	ACC	-7.1563344	2.4589243	5.413462
3589762495	ACC	-6.619744	1.9609182	4.733003
3589762500	ACC	-6.291628	1.5320047	4.0360937
3589762505	ACC	-6.4331036	1.7979071	3.693621
3589762510	ACC	-6.4163537	2.3512473	3.6984065
3589762515	ACC	-6.375676	2.9548368	4.0767717
3589762520	ACC	-6.524031	3.5754752	4.7306104
3589762525	ACC	-6.3275204	3.7214375	5.363213
3589762530	ACC	-6.322735	3.7573297	5.5043893
3589762535	ACC	-6.3924255	3.441178	5.9356956
3589762540	ACC	-6.437889	3.3430724	6.572785
3589762545	ACC	-6.478567	3.1082766	7.2676005
3589762550	ACC	-6.3179493	2.7415764	8.055737
3589762555	ACC	-5.9491553	2.4855444	8.570791
3589762560	ACC	-5.6353965	2.164308	8.9826565
3589762565	ACC	-5.1418767	1.9920249	8.99462
3589762570	ACC	-4.717749	2.056631	8.549256
3589762575	ACC	-4.447061	2.300998	7.423134
3589762580	ACC	-5.4317074	3.7645082	6.862615
3589762585	ACC	-8.466703	8.55793	8.62822
3589762590	ACC	-11.580962	15.706189	12.003594
3589762595	ACC	-11.077871	17.668005	16.035202
3589762600	ACC	-7.7817583	12.565609	15.690037
3589762605	ACC	-5.0533423	7.9854474	9.205488
3589762610	ACC	-3.1728828	4.5741796	4.263711
3589762615	ACC	-2.231307	3.1393833	1.9064814
3589762620	ACC	-2.1738794	3.5177484	0.7157531
3589762625	ACC	-2.070689	4.94088	0.30149564
3589762630	ACC	-1.8864416	5.5253267	-0.17048861
3589762635	ACC	-2.0925233	5.4535418	-0.2853441
3589762640	ACC	-2.2935205	5.2283173	-0.4531408
3589762645	ACC	-2.1571295	5.1011987	-1.0256236
3589762650	ACC	-1.89362	5.0533423	-1.602892
3589762655	ACC	-1.6540387	5.0748777	-2.0461624
3589762660	ACC	-1.9534405	5.47747	-1.0447662
3589762665	ACC	-2.899802	5.9084773	1.6621144
3589762670	ACC	-2.518745	4.8472605	1.0031909
3589762675	ACC	-2.4876382	3.8724844	1.9304097
3589762680	ACC	-2.7583263	3.7166517	4.452744
3589762685	ACC	-2.641078	3.3670006	6.5775704
3589762690	ACC	-2.053939	2.83041	8.29771
3589762695	ACC	-1.4144573	2.3751755	9.897911
3589762700	ACC	-0.6454639	1.9031913	11.584252
3589762705	ACC	-0.2551347	1.6037893	12.463316
3589762710	ACC	-0.1902294	1.2589238	12.403495
3589762715	ACC	-0.61914283	1.2541381	11.780764
3589762720	ACC	-1.2756736	1.5104693	10.879866
3589762725	ACC	-1.1700903	1.215853	9.742078
3589762730	ACC	-0.6550352	1.0480564	8.750254
3589762735	ACC	-0.0011964113	1.1679965	8.096415
3589762740	ACC	0.60747784	1.5535401	7.667501
3589762745	ACC	1.0887343	2.056631	7.396813
3589762750	ACC	1.541576	2.46371	6.9825554
3589762755	ACC	1.9657038	2.5932214	6.201598
3589762760	ACC	2.4326034	2.411068	5.415855
3589762765	ACC	2.6913273	2.0757737	5.0180483
3589762770	ACC	2.669792	1.8768703	4.963013
3589762775	ACC	2.4708884	1.6902301	4.912764
3589762781	ACC	2.1738794	1.4554343	4.723432
3589762786	ACC	1.8098712	1.2038889	4.182056
3589762791	ACC	2.0135603	0.7797611	3.324528
3589762796	ACC	2.9309087	0.14267205	2.361716
3589762801	ACC	3.3311083	-0.42023948	1.5278172
3589762806	ACC	3.199204	-0.96879405	1.2909278
3589762811	ACC	2.7610183	-1.6061822	1.410569
3589762816	ACC	2.3967109	-2.2815564	1.640579
3589762821	ACC	1.9295124	-2.8731818	2.198705
3589762826	ACC	1.1775678	-3.2614172	3.1713872
3589762831	ACC	0.2862414	-3.2422748	4.098307
3589762836	ACC	-0.50189453	-2.9644082	4.5822554
3589762841	ACC	-0.9520443	-2.7056842	4.8026943
3589762846	ACC	-1.0911272	-2.7008986	5.267201
3589762851	ACC	-0.8850453	-3.1079776	5.660222
3589762856	ACC	0.15463616	-4.301099	5.79422
3589762861	ACC	2.6386852	-6.148059	5.4110694
3589762866	ACC	4.6965127	-7.7243304	4.9725847
3589762871	ACC	5.9347982	-8.960223	5.1643095
3589762876	ACC	6.9505515	-9.892228	5.7966127
3589762881	ACC	7.824829	-10.560424	6.7381887
3589762886	ACC	8.601001	-11.1353	7.8352976
3589762891	ACC	9.293424	-11.633605	9.150453
3589762896	ACC	9.748658	-11.882757	10.915758
3589762901	ACC	9.650253	-11.96172	12.714861
3589762906	ACC	9.286245	-12.349956	14.533108
3589762911	ACC	8.967701	-12.450455	15.807585
3589762916	ACC	8.697013	-12.02184	16.439888
3589762921	ACC	8.493324	-11.487642	16.193129
3589762926	ACC	8.368897	-11.118549	16.178772
3589762931	ACC	8.411968	-10.117453	15.4217415
3589762936	ACC	8.759227	-9.046664	12.777075
3589762941	ACC	9.703195	-9.230911	8.85823
3589762946	ACC	11.317752	-10.244272	6.9729843
3589762951	ACC	13.559827	-10.407283	6.515357
3589762956	ACC	15.124135	-10.469497	8.170592
3589762961	ACC	16.446468	-10.388141	12.547363
3589762966	ACC	17.790337	-10.155738	18.30599
3589762971	ACC	18.25006	-10.85504	24.107986
3589762976	ACC	19.165314	-11.470893	27.270102
3589762981	ACC	19.831116	-11.671889	28.826933
3589762986	ACC	19.721046	-11.260025	29.248667
3589762991	ACC	18.211773	-9.683753	28.11806
3589762996	ACC	16.613966	-9.185448	25.0373
3589763001	ACC	15.6822605	-10.591531	21.218952
3589763006	ACC	14.714364	-10.970195	18.828224
3589763011	ACC	13.236497	-10.143773	17.438892
3589763016	ACC	11.197812	-9.180662	15.982261
3589763021	ACC	9.4178505	-8.624929	14.418252
3589763026	ACC	8.368897	-8.17448	12.899407
3589763031	ACC	7.092027	-7.5613194	11.567503
3589763036	ACC	5.4870415	-7.2954173	10.506286
3589763041	ACC	3.766901	-7.1132636	9.581759
3589763046	ACC	2.5381866	-6.7444696	8.59472
3589763051	ACC	1.9007984	-6.9744797	7.368099
3589763056	ACC	1.2804592	-7.6331043	6.055337
3589763061	ACC	0.8877372	-8.347063	4.6205406
3589763066	ACC	0.7055836	-9.022437	3.4396825
3589763071	ACC	0.29820552	-9.513564	2.400001
3589763076	ACC	0.35593235	-9.786645	1.4991034
3589763081	ACC	1.0719845	-9.805787	0.83090764
3589763086	ACC	1.9103698	-9.492028	0.34456646
3589763091	ACC	2.4732814	-8.646464	0.30149564
3589763096	ACC	2.8495526	-7.6570325	0.45942193
3589763101	ACC	3.2566316	-6.8784676	0.9816555
3589763106	ACC	3.6209388	-6.363712	1.3938192
3589763111	ACC	4.1024942	-5.860621	1.5469599
3589763116	ACC	4.21735	-5.683253	1.3411771
3589763121	ACC	3.9753757	-5.836693	1.0633105
3589763126	ACC	3.4459636	-5.8486567	0.57936215
3589763131	ACC	2.6554348	-5.846264	0.81655073
3589763136	ACC	1.5248263	-6.224629	1.681257
3589763141	ACC	1.1727822	-5.9084773	1.0369896
3589763146	ACC	0.65054864	-5.436493	0.9290134
3589763151	ACC	-0.6550352	-4.947759	2.3494527
3589763156	ACC	-0.029910283	-4.9286165	2.6276183
3589763161	ACC	1.3474582	-5.7526445	2.495714
3589763166	ACC	1.6157535	-6.2700925	2.5698915
3589763171	ACC	1.3498511	-6.4905314	2.6252255
3589763176	ACC	1.2397813	-6.526424	2.6611178
3589763181	ACC	1.2326027	-6.485746	2.8788648
3589763186	ACC	1.242174	-6.6149583	3.1423743
3589763191	ACC	1.6420746	-7.9686975	3.6263227
3589763196	ACC	2.6793633	-8.941081	4.395316
3589763201	ACC	3.6903307	-8.675179	4.520042
3589763206	ACC	4.150351	-8.188837	3.0753753
3589763211	ACC	3.822235	-7.9372916	1.0274183
3589763216	ACC	3.089134	-7.810472	0.018843478
3589763221	ACC	2.780161	-7.4416785	0.30388847
3589763226	ACC	2.7032914	-6.8545394	1.0322039
3589763232	ACC	2.6554348	-6.238986	1.8128623
3589763237	ACC	2.8471599	-5.745466	2.617748
3589763242	ACC	3.319144	-5.6330037	3.1256247
3589763247	ACC	3.836592	-5.903692	2.9318058
3589763252	ACC	4.1168513	-6.437889	2.1795623
3589763257	ACC	4.1479583	-6.8138614	1.2933207
3589763262	ACC	4.133601	-7.0678	0.5554339
3589763267	ACC	4.2221355	-7.4679995	0.023629123
3589763272	ACC	4.607679	-7.980662	-0.38135612
3589763277	ACC	4.9313083	-8.42124	-0.695115
3589763282	ACC	4.88076	-8.93151	-0.74536425
3589763287	ACC	5.072485	-9.252447	-1.0280164
3589763292	ACC	5.441578	-9.537492	-1.2843475
3589763297	ACC	5.7553368	-9.906585	-1.442573
3589763302	ACC	5.884549	-10.143773	-1.5287145
3589763307	ACC	5.884549	-10.239487	-1.3489537
3589763312	ACC	5.762515	-10.165309	-1.2125629
3589763317	ACC	6.033203	-10.177273	-0.61854464
3589763322	ACC	6.4354963	-10.182058	0.18634106
3589763327	ACC	6.6224356	-10.229915	0.5243273
3589763332	ACC	6.7468624	-10.376176	0.85244304
3589763337	ACC	6.8763742	-10.569995	1.3507484
3589763342	ACC	6.9768724	-10.620244	1.5999011
3589763347	ACC	7.2933235	-10.569995	1.4249259
3589763352	ACC	7.717152	-10.36152	1.1997014
3589763357	ACC	8.011768	-10.028619	0.90029955
3589763362	ACC	8.191529	-9.729217	0.47377887
3589763367	ACC	8.347063	-9.456136	0.07148558
3589763372	ACC	8.685049	-9.259625	-0.36460635
3589763377	ACC	9.379565	-9.233304	-1.1213365
3589763382	ACC	10.20838	-9.230911	-2.0365913
3589763387	ACC	11.116456	-9.096913	-4.458427
3589763392	ACC	12.302099	-8.854939	-11.692827
3589763397	ACC	10.555937	-8.287242	-16.184454
3589763402	ACC	7.3842506	-7.688139	-15.870695
3589763407	ACC	6.346962	-7.5756764	-15.796219
3589763412	ACC	5.8821564	-6.996015	-13.606786
3589763417	ACC	5.49422	-6.34427	-10.135697
3589763422	ACC	5.3910294	-6.3011994	-7.285248
3589763427	ACC	5.312066	-6.82104	-5.526822
3589763432	ACC	4.9719863	-6.988837	-4.3145585
3589763437	ACC	4.950451	-7.470392	-3.6104703
3589763442	ACC	5.278567	-8.270493	-3.26052
3589763447	ACC	5.709873	-9.199805	-2.9467611
3589763452	ACC	6.033203	-9.9807625	-2.5636103
3589763457	ACC	6.212665	-10.519746	-2.184946
3589763462	ACC	6.256035	-10.737792	-1.7730815
3589763467	ACC	6.2198434	-10.689935	-1.317847
3589763472	ACC	6.049953	-10.500603	-0.8362915
3589763477	ACC	5.7266226	-10.275378	-0.3909274
3589763482	ACC	5.400601	-10.146166	-0.084346995
3589763487	ACC	5.139484	-10.076475	0.17676978
3589763492	ACC	4.7946186	-10.062119	0.28953153
3589763497	ACC	4.4784665	-9.987941	0.33260235
3589763502	ACC	4.2341	-9.923335	0.2632105
3589763507	ACC	3.8389847	-9.906585	0.14087744
3589763512	ACC	3.714259	-9.815358	-0.014656039
3589763517	ACC	3.592225	-9.695718	-0.27098715
3589763522	ACC	3.4938202	-9.503992	-0.5033901
3589763527	ACC	3.455535	-9.25484	-0.6759724
3589763532	ACC	3.4483566	-9.099306	-0.92512506
3589763537	ACC	3.441178	-9.061021	-1.2795619
3589763542	ACC	3.429214	-9.075378	-1.631606
3589763547	ACC	3.5611184	-9.089735	-1.9190438
3589763552	ACC	3.7573297	-9.092128	-2.1634107
3589763557	ACC	3.9801614	-9.041879	-2.3024936
3589763562	ACC	4.260421	-8.95783	-2.4340987
3589763567	ACC	4.578965	-8.878867	-2.4918256
3589763572	ACC	4.7898326	-8.744571	-2.5109682
3589763577	ACC	4.9528437	-8.636893	-2.5301108
3589763582	ACC	5.0389853	-8.55793	-2.4556344
3589763587	ACC	5.0772705	-8.52443	-2.3288147
3589763592	ACC	5.0533423	-8.493025	-2.1562324
3589763597	ACC	5.0437713	-8.4451685	-1.971985
3589763602	ACC	5.070092	-8.390134	-1.7682959
3589763607	ACC	5.1083775	-8.335098	-1.5574285
3589763612	ACC	5.139484	-8.289635	-1.4186447
3589763617	ACC	5.156533	-8.275278	-1.3058829
3589763622	ACC	5.197211	-8.3015995	-1.2029916
3589763627	ACC	5.2163534	-8.311171	-1.0854442
3589763632	ACC	5.209175	-8.351849	-1.0256236
3589763637	ACC	5.235496	-8.351849	-0.9299107
3589763642	ACC	5.211568	-8.3327055	-0.8147561
3589763647	ACC	5.24746	-8.335098	-0.70947194
3589763652	ACC	5.2570314	-8.313563	-0.6448657
3589763657	ACC	5.300102	-8.275278	-0.5946164
3589763662	ACC	5.2929235	-8.232207	-0.5560322
3589763667	ACC	5.319245	-8.232207	-0.58474606
3589763672	ACC	5.3144593	-8.19123	-0.5727819
3589763678	ACC	5.328816	-8.212766	-0.5922236
3589763683	ACC	5.288138	-8.217551	-0.6257231
3589763688	ACC	5.2689953	-8.227122	-0.68075806
3589763693	ACC	5.259424	-8.251349	-0.75493556
3589763698	ACC	5.2498527	-8.239386	-0.77647096
3589763703	ACC	5.2307105	-8.253742	-0.84347
3589763708	ACC	5.2283173	-8.275278	-0.898804
3589763713	ACC	5.2259245	-8.2681	-0.9634102
3589763718	ACC	5.218746	-8.256135	-0.96819586
3589763723	ACC	5.2139606	-8.2681	-0.97776717
3589763728	ACC	5.235496	-8.306385	-0.98973125
3589763733	ACC	5.2402816	-8.306385	-0.9705887
3589763738	ACC	5.259424	-8.370991	-1.0304092
3589763743	ACC	5.2929235	-8.351849	-1.0591232
3589763748	ACC	5.2809596	-8.375776	-1.07348
3589763753	ACC	5.276174	-8.416454	-1.1237293
3589763758	ACC	5.2809596	-8.411669	-1.1479566
3589763763	ACC	5.276174	-8.45474	-1.1599208
3589763768	ACC	5.2426744	-8.466703	-1.2029916
3589763773	ACC	5.2259245	-8.517252	-1.198206
3589763778	ACC	5.1732826	-8.553144	-1.198206
3589763783	ACC	5.168497	-8.519645	-1.1886346
3589763788	ACC	5.1876397	-8.500503	-1.1814562
3589763793	ACC	5.1900325	-8.526823	-1.2029916
3589763798	ACC	5.204389	-8.505288	-1.250848
3589763803	ACC	5.235496	-8.553144	-1.2987045
3589763808	ACC	5.2546387	-8.567501	-1.3824533
3589763813	ACC	5.221139	-8.565108	-1.4210376
3589763818	ACC	5.218746	-8.584251	-1.5023935
3589763823	ACC	5.1900325	-8.57468	-1.590928
3589763828	ACC	5.180461	-8.579466	-1.6749759
3589763833	ACC	5.178068	-8.577073	-1.8664017
3589763838	ACC	5.168497	-8.541181	-2.0724835
3589763843	ACC	5.1323056	-8.560323	-2.1418753
3589763848	ACC	5.156533	-8.589037	-2.146661
3589763853	ACC	5.156533	-8.603394	-2.1705892
3589763858	ACC	5.180461	-8.603394	-2.184946
3589763863	ACC	5.1900325	-8.610572	-2.2067807
3589763868	ACC	5.2019963	-8.610572	-2.2115662
3589763873	ACC	5.180461	-8.620144	-2.184946
3589763878	ACC	5.197211	-8.624929	-2.146661
3589763883	ACC	5.2163534	-8.598608	-2.1251256
3589763888	ACC	5.2498527	-8.6345005	-2.1418753
3589763893	ACC	5.2235317	-8.622537	-2.0724835
3589763898	ACC	5.2259245	-8.601001	-2.0605195
3589763903	ACC	5.24746	-8.572288	-2.0174487
3589763908	ACC	5.271388	-8.596215	-1.9600209
3589763913	ACC	5.276174	-8.586644	-1.8807586
3589763918	ACC	5.300102	-8.567501	-1.8305093
3589763923	ACC	5.3383875	-8.59143	-1.7826529
3589763928	ACC	5.326423	-8.598608	-1.7300107
3589763933	ACC	5.328816	-8.57468	-1.7012969
3589763938	ACC	5.326423	-8.598608	-1.6555341
3589763943	ACC	5.319245	-8.584251	-1.5717853
3589763948	ACC	5.300102	-8.548359	-1.5287145
3589763953	ACC	5.300102	-8.5220375	-1.4521443
3589763958	ACC	5.302495	-8.512466	-1.4353945
3589763963	ACC	5.3216376	-8.510074	-1.4234303
3589763968	ACC	5.3072805	-8.49811	-1.3971093
3589763973	ACC	5.300102	-8.490632	-1.3752748
3589763978	ACC	5.326423	-8.490632	-1.3537394
3589763983	ACC	5.343173	-8.442776	-1.317847
3589763988	ACC	5.3503513	-8.426025	-1.2699906
3589763993	ACC	5.345566	-8.399705	-1.2628121
3589763998	ACC	5.367101	-8.397312	-1.2340983
3589764003	ACC	5.386244	-8.378169	-1.2005987
3589764008	ACC	5.355137	-8.390134	-1.2125629
3589764013	ACC	5.302495	-8.378169	-1.21017
3589764018	ACC	5.312066	-8.368598	-1.2436695
3589764023	ACC	5.3216376	-8.320742	-1.2077773
3589764028	ACC	5.35753	-8.282456	-1.238884
3589764033	ACC	5.343173	-8.241778	-1.2293127
3589764038	ACC	5.3742795	-8.232207	-1.2221341
3589764043	ACC	5.393422	-8.219944	-1.2269198
3589764048	ACC	5.4125648	-8.227122	-1.2412767
3589764053	ACC	5.3647084	-8.241778	-1.2580265
3589764058	ACC	5.3742795	-8.239386	-1.2412767
3589764063	ACC	5.3742795	-8.22473	-1.2053844
3589764068	ACC	5.3910294	-8.20798	-1.21017
3589764073	ACC	5.3910294	-8.181659	-1.2436695
3589764078	ACC	5.4173503	-8.169695	-1.2556337
3589764083	ACC	5.4200425	-8.19123	-1.2556337
3589764088	ACC	5.427221	-8.239386	-1.2532408
3589764093	ACC	5.4029937	-8.280064	-1.2747762
3589764098	ACC	5.3814583	-8.313563	-1.2723835
3589764103	ACC	5.3910294	-8.323134	-1.2675978
3589764108	ACC	5.3790655	-8.315956	-1.2604194
3589764113	ACC	5.3718867	-8.325527	-1.2412767
3589764118	ACC	5.393422	-8.330313	-1.2412767
3589764123	ACC	5.424828	-8.342277	-1.2173486
3589764129	ACC	5.4200425	-8.347063	-1.2029916
3589764134	ACC	5.4463634	-8.359027	-1.1958131
3589764139	ACC	5.4463634	-8.406883	-1.224527
3589764144	ACC	5.4296136	-8.430812	-1.2604194
3589764149	ACC	5.441578	-8.43799	-1.2747762
3589764154	ACC	5.451149	-8.457132	-1.2747762
3589764159	ACC	5.451149	-8.442776	-1.3274183
3589764164	ACC	5.4559345	-8.42124	-1.358525
3589764169	ACC	5.448756	-8.435597	-1.3896317
3589764174	ACC	5.4320064	-8.442776	-1.4186447
3589764179	ACC	5.439185	-8.440383	-1.4234303
3589764184	ACC	5.451149	-8.426025	-1.428216
3589764189	ACC	5.448756	-8.423633	-1.4353945
3589764194	ACC	5.4224353	-8.440383	-1.4377873
3589764199	ACC	5.4149575	-8.43799	-1.4210376
3589764204	ACC	5.4125648	-8.428419	-1.4377873
3589764209	ACC	5.4320064	-8.461918	-1.468894
3589764214	ACC	5.441578	-8.49811	-1.483251
3589764219	ACC	5.4173503	-8.49811	-1.442573
3589764224	ACC	5.407779	-8.510074	-1.4880366
3589764229	ACC	5.4125648	-8.526823	-1.5143577
3589764234	ACC	5.4224353	-8.5220375	-1.5167505
3589764239	ACC	5.4320064	-8.519645	-1.5119648
3589764244	ACC	5.434399	-8.519645	-1.5167505
3589764249	ACC	5.4320064	-8.493025	-1.4976078
3589764254	ACC	5.4463634	-8.514859	-1.5167505
3589764259	ACC	5.4631133	-8.502895	-1.5215361
3589764264	ACC	5.427221	-8.452347	-1.5382859
3589764269	ACC	5.4224353	-8.40449	-1.5263218
3589764274	ACC	5.4439707	-8.382955	-1.5526428
3589764279	ACC	5.410172	-8.349456	-1.5693926
3589764284	ACC	5.3814583	-8.299206	-1.5646069
3589764289	ACC	5.3910294	-8.282456	-1.5861423
3589764294	ACC	5.3766723	-8.258529	-1.6196418
3589764299	ACC	5.316852	-8.210373	-1.6196418
3589764304	ACC	5.2929235	-8.198408	-1.6124634
3589764309	ACC	5.218746	-8.205587	-1.5885352
3589764314	ACC	5.197211	-8.222337	-1.5574285
3589764319	ACC	5.1083775	-8.196015	-1.5406786
3589764324	ACC	5.0629134	-8.212766	-1.5167505
3589764329	ACC	5.0437713	-8.232207	-1.4617156
3589764334	ACC	5.0653067	-8.256135	-1.4330016
3589764339	ACC	5.151747	-8.287242	-1.3848461
3589764344	ACC	5.221139	-8.287242	-1.3657036
3589764349	ACC	5.259424	-8.282456	-1.3561323
3589764354	ACC	5.2929235	-8.275278	-1.317847
3589764359	ACC	5.3312087	-8.277671	-1.3130615
3589764364	ACC	5.319245	-8.299206	-1.3441681
3589764369	ACC	5.3312087	-8.299206	-1.3995022
3589764374	ACC	5.352744	-8.313563	-1.4186447
3589764379	ACC	5.3718867	-8.325527	-1.442573
3589764384	ACC	5.393422	-8.34467	-1.4784653
3589764389	ACC	5.3814583	-8.368598	-1.4736797
3589764394	ACC	5.4053864	-8.390134	-1.4641083
3589764399	ACC	5.4149575	-8.45474	-1.4114662
3589764404	ACC	5.427221	-8.45474	-1.4330016
3589764409	ACC	5.475077	-8.449954	-1.3971093
3589764414	ACC	5.4894342	-8.457132	-1.3537394
3589764419	ACC	5.4966125	-8.488239	-1.3345969
3589764424	ACC	5.532505	-8.505288	-1.3082758
3589764429	ACC	5.5444694	-8.529217	-1.2867404
3589764434	ACC	5.546862	-8.507681	-1.2867404
3589764439	ACC	5.5660048	-8.493025	-1.2843475
3589764444	ACC	5.597111	-8.510074	-1.250848
3589764449	ACC	5.5947185	-8.49811	-1.2771691
3589764454	ACC	5.5779686	-8.478668	-1.3082758
3589764459	ACC	5.546862	-8.481061	-1.3274183
3589764464	ACC	5.4966125	-8.483454	-1.358525
3589764469	ACC	5.475077	-8.507681	-1.4210376
3589764474	ACC	5.4367924	-8.483454	-1.454537
3589764479	ACC	5.439185	-8.469096	-1.4784653
3589764484	ACC	5.4367924	-8.469096	-1.468894
3589764489	ACC	5.4367924	-8.466703	-1.4593227
3589764494	ACC	5.4053864	-8.473883	-1.4497514
3589764499	ACC	5.400601	-8.447561	-1.4641083
3589764504	ACC	5.400601	-8.449954	-1.4234303
3589764509	ACC	5.3982077	-8.440383	-1.4306089
3589764514	ACC	5.35753	-8.416454	-1.4497514
3589764519	ACC	5.3383875	-8.392527	-1.4306089
3589764524	ACC	5.3407803	-8.423633	-1.4449657
3589764529	ACC	5.3240304	-8.42124	-1.4473586
3589764534	ACC	5.3336015	-8.411669	-1.4665012
3589764539	ACC	5.326423	-8.418847	-1.4377873
3589764544	ACC	5.3144593	-8.397312	-1.468894
3589764549	ACC	5.319245	-8.399705	-1.4641083
3589764554	ACC	5.3383875	-8.366205	-1.4521443
3589764559	ACC	5.3623157	-8.402098	-1.4377873
3589764564	ACC	5.359923	-8.397312	-1.4330016
3589764569	ACC	5.355137	-8.406883	-1.3947165
3589764575	ACC	5.395815	-8.402098	-1.3704891
3589764580	ACC	5.424828	-8.363812	-1.3489537
3589764585	ACC	5.467899	-8.3733835	-1.3393825
3589764590	ACC	5.465506	-8.375776	-1.3537394
3589764595	ACC	5.4726844	-8.392527	-1.3417753
3589764600	ACC	5.49422	-8.370991	-1.3704891
3589764605	ACC	5.5013986	-8.411669	-1.3513466
3589764610	ACC	5.506184	-8.411669	-1.3106686
3589764615	ACC	5.5253267	-8.370991	-1.2795619
3589764620	ACC	5.5253267	-8.342277	-1.3154542
3589764625	ACC	5.5396833	-8.380562	-1.3034902
3589764630	ACC	5.5540404	-8.354241	-1.2843475
3589764635	ACC	5.5516477	-8.339884	-1.2699906
3589764640	ACC	5.563612	-8.351849	-1.2628121
3589764645	ACC	5.5444694	-8.363812	-1.2029916
3589764650	ACC	5.534898	-8.354241	-1.1862419
3589764655	ACC	5.5396833	-8.368598	-1.1623136
3589764660	ACC	5.5707903	-8.3327055	-1.1312069
3589764665	ACC	5.563612	-8.330313	-1.0950154
3589764670	ACC	5.5779686	-8.306385	-1.0782657
3589764675	ACC	5.589933	-8.284849	-1.0998011
3589764680	ACC	5.575576	-8.232207	-1.1069796
3589764685	ACC	5.563612	-8.244171	-1.0950154
3589764690	ACC	5.549255	-8.227122	-1.0806586
3589764695	ACC	5.549255	-8.203195	-1.0926226
3589764700	ACC	5.522934	-8.203195	-1.0974083
3589764705	ACC	5.4894342	-8.157731	-1.1213365
3589764710	ACC	5.491827	-8.162517	-1.1431711
3589764715	ACC	5.479863	-8.160124	-1.1237293
3589764720	ACC	5.5205407	-8.167302	-1.1045867
3589764725	ACC	5.5277195	-8.176873	-1.0998011
3589764730	ACC	5.556433	-8.157731	-1.0543375
3589764735	ACC	5.6330037	-8.164909	-1.0591232
3589764740	ACC	5.6856456	-8.181659	-1.0304092
3589764745	ACC	5.7577295	-8.157731	-1.0160524
3589764750	ACC	5.796015	-8.140981	-1.0399805
3589764755	ACC	5.81755	-8.121839	-1.0926226
3589764760	ACC	5.81755	-8.11466	-1.0854442
3589764765	ACC	5.8271213	-8.105088	-1.1335998
3589764770	ACC	5.8127646	-8.102695	-1.2077773
3589764775	ACC	5.8103714	-8.11466	-1.198206
3589764780	ACC	5.788836	-8.100303	-1.2580265
3589764785	ACC	5.786443	-8.093124	-1.3154542
3589764790	ACC	5.764908	-8.13141	-1.3537394
3589764795	ACC	5.7074804	-8.126624	-1.3441681
3589764800	ACC	5.7026944	-8.155337	-1.3202399
3589764805	ACC	5.6907306	-8.172088	-1.3106686
3589764810	ACC	5.705087	-8.188837	-1.2987045
3589764815	ACC	5.7003016	-8.17448	-1.2747762
3589764820	ACC	5.7170515	-8.20798	-1.2604194
3589764825	ACC	5.709873	-8.205587	-1.21017
3589764830	ACC	5.671289	-8.22473	-1.1958131
3589764835	ACC	5.6688957	-8.2346	-1.2221341
3589764840	ACC	5.654539	-8.265707	-1.1862419
3589764845	ACC	5.6330037	-8.277671	-1.1862419
3589764850	ACC	5.623432	-8.292027	-1.1886346
3589764855	ACC	5.623432	-8.299206	-1.183849
3589764860	ACC	5.6210394	-8.311171	-1.21017
3589764865	ACC	5.589933	-8.320742	-1.198206
3589764870	ACC	5.601897	-8.308778	-1.1934203
3589764875	ACC	5.601897	-8.292027	-1.2412767
3589764880	ACC	5.589933	-8.246564	-1.2699906
3589764885	ACC	5.58754	-8.222337	-1.3226327
3589764890	ACC	5.589933	-8.138588	-1.3609179
3589764895	ACC	5.606683	-8.129017	-1.4210376
3589764900	ACC	5.6353965	-8.107481	-1.4880366
3589764905	ACC	5.6449676	-8.100303	-1.5119648
3589764910	ACC	5.671289	-8.095517	-1.5406786
3589764915	ACC	5.683253	-8.109874	-1.5693926
3589764920	ACC	5.66411	-8.11466	-1.5526428
3589764925	ACC	5.58754	-8.160124	-1.4808581
3589764930	ACC	5.491827	-8.145766	-1.4353945
3589764935	ACC	5.3982077	-8.19123	-1.3609179
3589764940	ACC	5.302495	-8.2681	-1.2843475
3589764945	ACC	5.2235317	-8.296813	-1.2556337
3589764950	ACC	5.1924253	-8.335098	-1.198206
3589764955	ACC	5.156533	-8.36142	-1.1599208
3589764960	ACC	5.096413	-8.394919	-1.1647065
3589764965	ACC	5.058128	-8.426025	-1.2077773
3589764970	ACC	5.1323056	-8.495418	-1.1958131
3589764975	ACC	5.180461	-8.541181	-1.2364911
3589764980	ACC	5.261817	-8.565108	-1.183849
3589764985	ACC	5.355137	-8.57468	-1.1958131
3589764990	ACC	5.4053864	-8.586644	-1.2149557
3589764995	ACC	5.4439707	-8.603394	-1.2269198
3589765000	ACC	5.4894342	-8.57468	-1.224527
3589765005	ACC	5.563612	-8.517252	-1.2412767
3589765010	ACC	5.601897	-8.49811	-1.2412767
3589765015	ACC	5.6617174	-8.483454	-1.3058829
3589765021	ACC	5.68086	-8.416454	-1.3848461
3589765026	ACC	5.68086	-8.411669	-1.4736797
3589765031	ACC	5.6760745	-8.399705	-1.5669997
3589765036	ACC	5.6760745	-8.368598	-1.6941184
3589765041	ACC	5.6617174	-8.3733835	-1.8233309
3589765046	ACC	5.623432	-8.387741	-1.9166509
3589765051	ACC	5.599504	-8.385348	-1.9743778
3589765056	ACC	5.573183	-8.416454	-1.9839491
3589765061	ACC	5.5396833	-8.392527	-2.024627
3589765066	ACC	5.47747	-8.40449	-1.9911275
3589765071	ACC	5.4535418	-8.440383	-1.9118652
3589765076	ACC	5.4535418	-8.461918	-1.875973
3589765081	ACC	5.4535418	-8.481061	-1.7970098
3589765086	ACC	5.4224353	-8.4858465	-1.6821543
3589765091	ACC	5.4296136	-8.488239	-1.5646069
3589765096	ACC	5.4535418	-8.478668	-1.5023935
3589765101	ACC	5.4439707	-8.526823	-1.4401802
3589765106	ACC	5.441578	-8.510074	-1.3776677
3589765111	ACC	5.4607205	-8.481061	-1.3393825
3589765116	ACC	5.4367924	-8.449954	-1.3274183
3589765121	ACC	5.4702916	-8.406883	-1.3226327
3589765126	ACC	5.434399	-8.423633	-1.4138591
3589765131	ACC	5.482256	-8.347063	-1.3920245
3589765136	ACC	5.5372906	-8.3015995	-1.4856437
3589765141	ACC	5.5301123	-8.2609215	-1.5358931
3589765146	ACC	5.5923257	-8.198408	-1.5526428
3589765151	ACC	5.613861	-8.17448	-1.5933207
3589765156	ACC	5.697909	-8.09791	-1.6148561
3589765161	ACC	5.762515	-8.078768	-1.6244274
3589765166	ACC	5.7744794	-8.057232	-1.6220347
3589765171	ACC	5.8151574	-8.066803	-1.657927
3589765176	ACC	5.805586	-8.050054	-1.6220347
3589765181	ACC	5.779265	-8.054839	-1.6052849
3589765186	ACC	5.7338014	-8.059625	-1.5789639
3589765191	ACC	5.7194443	-8.088339	-1.4928222
3589765196	ACC	5.7266226	-8.0715885	-1.4665012
3589765201	ACC	5.6907306	-8.062017	-1.4114662
3589765206	ACC	5.721837	-8.066803	-1.3537394
3589765211	ACC	5.7074804	-8.083553	-1.3058829
3589765216	ACC	5.7194443	-8.083553	-1.2628121
3589765221	ACC	5.697909	-8.073982	-1.2197413
3589765226	ACC	5.6760745	-8.0715885	-1.198206
3589765231	ACC	5.628218	-8.045268	-1.1886346
3589765236	ACC	5.606683	-8.073982	-1.1527423
3589765241	ACC	5.5683975	-8.088339	-1.114158
3589765246	ACC	5.534898	-8.088339	-1.0519446
3589765251	ACC	5.5372906	-8.107481	-0.9945169
3589765256	ACC	5.5277195	-8.133802	-0.90358967
3589765261	ACC	5.5253267	-8.162517	-0.80757767
3589765266	ACC	5.5660048	-8.167302	-0.7070791
3589765271	ACC	5.575576	-8.2346	-0.6831509
3589765276	ACC	5.6042895	-8.239386	-0.65682983
3589765281	ACC	5.6042895	-8.272885	-0.613759
3589765286	ACC	5.6353965	-8.313563	-0.60658056
3589765291	ACC	5.6330037	-8.323134	-0.5946164
3589765296	ACC	5.6377892	-8.347063	-0.62093747
3589765301	ACC	5.640182	-8.375776	-0.64965135
3589765306	ACC	5.6617174	-8.342277	-0.6855437
3589765311	ACC	5.6497536	-8.34467	-0.62811595
3589765316	ACC	5.7026944	-8.402098	-0.24466611
3589765321	ACC	5.982954	-8.538788	0.35653058
3589765326	ACC	6.256035	-8.7015	0.60329044
3589765331	ACC	6.198308	-8.691928	0.7902297
3589765336	ACC	6.0547385	-8.584251	1.1063814
3589765341	ACC	6.1241302	-8.49811	1.3914263
3589765346	ACC	6.2344995	-8.502895	1.3387842
3589765351	ACC	6.100202	-8.603394	0.9385847
3589765356	ACC	5.8558354	-8.723035	0.3589234
3589765361	ACC	5.6688957	-8.758927	-0.34067813
3589765366	ACC	5.5253267	-8.742178	-1.0160524
3589765371	ACC	5.3216376	-8.622537	-1.7371893
3589765376	ACC	5.1323056	-8.435597	-2.3431716
3589765381	ACC	5.0126643	-8.282456	-2.8462625
3589765386	ACC	5.0007	-8.129017	-3.2871401
3589765391	ACC	5.096413	-7.9854474	-3.6463625
3589765396	ACC	5.235496	-7.8702927	-3.802195
3589765401	ACC	5.395815	-7.7889366	-3.804588
3589765406	ACC	5.5612187	-7.7147593	-3.7133617
3589765411	ACC	5.736194	-7.6666036	-3.5841491
3589765416	ACC	5.8677993	-7.690532	-3.399603
3589765421	ACC	5.9733825	-7.7123666	-3.1815567
3589765426	ACC	6.0116677	-7.8128653	-2.9180472
3589765431	ACC	5.9781685	-7.899007	-2.7215366
3589765436	ACC	5.92762	-8.002197	-2.5612175
3589765441	ACC	5.8151574	-8.090732	-2.4101706
3589765446	ACC	5.7074804	-8.11466	-2.2474587
3589765451	ACC	5.628218	-8.17448	-2.079662
3589765456	ACC	5.575576	-8.2609215	-1.9214365
3589765461	ACC	5.5253267	-8.347063	-1.8664017
3589765466	ACC	5.4607205	-8.378169	-1.7467605
3589765472	ACC	5.4173503	-8.342277	-1.5789639
3589765477	ACC	5.367101	-8.315956	-1.346561
3589765482	ACC	5.3647084	-8.227122	-0.99690974
3589765487	ACC	5.3647084	-8.217551	-0.6161518
3589765492	ACC	5.410172	-8.263314	-0.33110684
3589765497	ACC	5.5013986	-8.277671	0.0044865427
3589765502	ACC	5.575576	-8.351849	0.33499518
3589765507	ACC	5.6907306	-8.411669	0.45702913
3589765512	ACC	5.688338	-8.512466	0.5051847
3589765517	ACC	5.709873	-8.5938225	0.4642076
3589765522	ACC	5.7146587	-8.586644	0.3924229
3589765527	ACC	5.683253	-8.596215	0.29910284
3589765532	ACC	5.642575	-8.572288	0.16719848
3589765537	ACC	5.6449676	-8.567501	-0.007477571
3589765542	ACC	5.6497536	-8.500503	-0.17048861
3589765547	ACC	5.6330037	-8.430812	-0.35264224
3589765552	ACC	5.6090755	-8.392527	-0.49860442
3589765557	ACC	5.5660048	-8.351849	-0.63529444
3589765562	ACC	5.5444694	-8.311171	-0.73818576
3589765567	ACC	5.506184	-8.2681	-0.88683987
3589765572	ACC	5.465506	-8.229815	-0.9873384
3589765577	ACC	5.441578	-8.198408	-1.0710872
3589765582	ACC	5.410172	-8.176873	-1.2005987
3589765587	ACC	5.407779	-8.167302	-1.3417753
3589765592	ACC	5.522934	-8.164909	-1.4234303
3589765597	ACC	5.5109696	-8.188837	-1.483251
3589765602	ACC	5.542076	-8.210373	-1.4712868
3589765607	ACC	5.532505	-8.200802	-1.4641083
3589765612	ACC	5.542076	-8.181659	-1.4186447
3589765617	ACC	5.599504	-8.17448	-1.4066806
3589765622	ACC	5.7026944	-8.124231	-1.4186447
3589765627	ACC	5.738587	-8.088339	-1.387239
3589765632	ACC	5.8008003	-8.057232	-1.4066806
3589765637	ACC	5.92762	-7.9686975	-1.428216
3589765642	ACC	5.9324055	-7.9277205	-1.428216
3589765647	ACC	5.8510494	-7.946863	-1.4377873
3589765652	ACC	5.683253	-7.973483	-1.4401802
3589765657	ACC	5.5133624	-7.980662	-1.4234303
3589765662	ACC	5.407779	-8.050054	-1.387239
3589765667	ACC	5.355137	-8.124231	-1.3609179
3589765672	ACC	5.300102	-8.17448	-1.3130615
3589765677	ACC	5.2642097	-8.258529	-1.2556337
3589765682	ACC	5.2498527	-8.394919	-1.1694921
3589765687	ACC	5.252246	-8.473883	-1.0184451
3589765692	ACC	5.259424	-8.57468	-0.8748758
3589765697	ACC	5.24746	-8.617751	-0.7405786
3589765702	ACC	5.259424	-8.639286	-0.62811595
3589765707	ACC	5.285745	-8.668	-0.54646087
3589765712	ACC	5.2977095	-8.675179	-0.46989053
3589765717	ACC	5.343173	-8.65125	-0.40528435
3589765722	ACC	5.3742795	-8.603394	-0.36221352
3589765727	ACC	5.4173503	-8.579466	-0.3789633
3589765732	ACC	5.458328	-8.572288	-0.4124628
3589765737	ACC	5.522934	-8.555537	-0.4124628
3589765742	ACC	5.601897	-8.510074	-0.46031925
3589765747	ACC	5.630611	-8.457132	-0.517747
3589765752	ACC	5.6688957	-8.4451685	-0.59700924
3589765757	ACC	5.6736817	-8.447561	-0.7046863
3589765762	ACC	5.654539	-8.435597	-0.79800636
3589765767	ACC	5.6114683	-8.447561	-0.85812604
3589765772	ACC	5.5540404	-8.43799	-0.9346963
3589765777	ACC	5.475077	-8.416454	-0.9945169
3589765782	ACC	5.367101	-8.457132	-1.0998011
3589765787	ACC	5.2666025	-8.464311	-1.2460624
3589765792	ACC	5.211568	-8.459525	-1.3657036
3589765797	ACC	5.209175	-8.4858465	-1.442573
3589765802	ACC	5.2498527	-8.495418	-1.4904294
3589765807	ACC	5.3144593	-8.481061	-1.5502499
3589765812	ACC	5.3623157	-8.493025	-1.5622141
3589765817	ACC	5.343173	-8.526823	-1.5598212
3589765822	ACC	5.326423	-8.5220375	-1.5287145
3589765827	ACC	5.3742795	-8.495418	-1.5215361
3589765832	ACC	5.3240304	-8.428419	-1.5358931
3589765837	ACC	5.304888	-8.382955	-1.5239289
3589765842	ACC	5.2833524	-8.335098	-1.509572
3589765847	ACC	5.2666025	-8.303992	-1.5454643
3589765852	ACC	5.3096733	-8.248957	-1.5717853
3589765857	ACC	5.343173	-8.200802	-1.5335002
3589765862	ACC	5.359923	-8.186444	-1.5406786
3589765867	ACC	5.424828	-8.133802	-1.5574285
3589765872	ACC	5.4990053	-8.088339	-1.5861423
3589765877	ACC	5.563612	-8.0715885	-1.5837495
3589765882	ACC	5.6353965	-8.028518	-1.5693926
3589765887	ACC	5.7409797	-8.045268	-1.5981064
3589765892	ACC	5.846264	-8.059625	-1.6603198
3589765897	ACC	5.9877396	-8.06441	-1.6917256
3589765902	ACC	6.066703	-8.030911	-1.7467605
3589765907	ACC	6.1528444	-8.069196	-1.8257236
3589765912	ACC	6.270392	-8.085946	-1.8424734
3589765917	ACC	6.3326054	-8.112267	-1.820938
3589765923	ACC	6.3684974	-8.162517	-1.7443677
3589765928	ACC	6.4163537	-8.1840515	-1.6749759
3589765933	ACC	6.4259253	-8.2609215	-1.590928
3589765938	ACC	6.445068	-8.339884	-1.4904294
3589765943	ACC	6.411568	-8.406883	-1.3489537
3589765948	ACC	6.390033	-8.430812	-1.2723835
3589765953	ACC	6.3684974	-8.512466	-1.1117653
3589765958	ACC	6.337391	-8.529217	-0.9514461
3589765963	ACC	6.2775702	-8.545966	-0.79800636
3589765968	ACC	6.2198434	-8.569894	-0.66400826
3589765973	ACC	6.1887364	-8.512466	-0.54646087
3589765978	ACC	6.171987	-8.512466	-0.4531408
3589765983	ACC	6.1600227	-8.476275	-0.37657046
3589765988	ACC	6.1265235	-8.402098	-0.28295127
3589765993	ACC	6.093024	-8.378169	-0.2015953
3589765998	ACC	6.073881	-8.325527	-0.10109676
3589766003	ACC	6.0044894	-8.272885	-0.06759724
3589766008	ACC	5.91087	-8.2609215	-0.06520442
3589766013	ACC	5.8343	-8.219944	-0.045762733
3589766018	ACC	5.776872	-8.188837	-0.11545369
3589766023	ACC	5.6856456	-8.088339	-0.16331014
3589766028	ACC	5.6090755	-8.045268	-0.232702
3589766033	ACC	5.5779686	-8.050054	-0.32392836
3589766038	ACC	5.467899	-8.059625	-0.4651049
3589766043	ACC	5.3982077	-8.073982	-0.60658056
3589766048	ACC	5.3359947	-8.050054	-0.75493556
3589766053	ACC	5.2546387	-8.026125	-0.9107681
3589766058	ACC	5.1732826	-8.057232	-1.07348
3589766063	ACC	5.0748777	-8.090732	-1.250848
3589766068	ACC	5.086842	-8.069196	-1.3971093
3589766073	ACC	5.082056	-8.035697	-1.5406786
3589766078	ACC	5.082056	-8.076375	-1.6268203
3589766083	ACC	5.113163	-8.083553	-1.7252251
3589766088	ACC	5.151747	-8.045268	-1.8281165
3589766093	ACC	5.211568	-8.066803	-1.8903298
3589766098	ACC	5.2833524	-8.078768	-1.875973
3589766103	ACC	5.3216376	-8.121839	-1.8783658
3589766108	ACC	5.383851	-8.181659	-1.9118652
3589766113	ACC	5.4559345	-8.20798	-1.9671993
3589766118	ACC	5.482256	-8.200802	-2.1083758
3589766123	ACC	5.482256	-8.164909	-2.1514466
3589766128	ACC	5.482256	-8.172088	-2.0629122
3589766133	ACC	5.479863	-8.198408	-2.0198414
3589766138	ACC	5.4894342	-8.188837	-1.971985
3589766143	ACC	5.4367924	-8.2346	-1.9336998
3589766148	ACC	5.441578	-8.244171	-1.902294
3589766153	ACC	5.47747	-8.265707	-1.8233309
3589766158	ACC	5.5277195	-8.32792	-1.7324036
3589766163	ACC	5.5660048	-8.36142	-1.6196418
3589766168	ACC	5.6186466	-8.366205	-1.5311074
3589766173	ACC	5.66411	-8.387741	-1.4569299
3589766178	ACC	5.697909	-8.382955	-1.4186447
3589766183	ACC	5.695516	-8.349456	-1.4018949
3589766188	ACC	5.705087	-8.339884	-1.454537
3589766193	ACC	5.7338014	-8.370991	-1.5550356
3589766198	ACC	5.745765	-8.356634	-1.6555341
3589766203	ACC	5.7673006	-8.315956	-1.713261
3589766208	ACC	5.805586	-8.311171	-1.7108682
3589766213	ACC	5.860621	-8.3327055	-1.727618
3589766218	ACC	5.898906	-8.280064	-1.7252251
3589766223	ACC	5.9204416	-8.287242	-1.7012969
3589766228	ACC	5.9300127	-8.280064	-1.6459628
3589766233	ACC	5.937191	-8.270493	-1.6100706
3589766238	ACC	5.941977	-8.253742	-1.5646069
3589766243	ACC	5.92762	-8.256135	-1.5406786
3589766248	ACC	5.937191	-8.193623	-1.5215361
3589766253	ACC	5.898906	-8.152945	-1.4784653
3589766258	ACC	5.8079786	-8.152945	-1.5239289
3589766263	ACC	5.7816577	-8.11466	-1.468894
3589766268	ACC	5.7266226	-8.117053	-1.4712868
3589766273	ACC	5.66411	-8.081161	-1.5119648
3589766278	ACC	5.601897	-8.06441	-1.5239289
3589766283	ACC	5.5372906	-8.030911	-1.5646069
3589766288	ACC	5.522934	-7.963912	-1.5741782
3589766293	ACC	5.4702916	-7.9037924	-1.5646069
3589766298	ACC	5.4125648	-7.8870425	-1.5861423
3589766303	ACC	5.3982077	-7.9372916	-1.6292131
3589766308	ACC	5.367101	-7.9926257	-1.6531414
3589766313	ACC	5.352744	-8.00459	-1.6483557
3589766318	ACC	5.345566	-8.011768	-1.6603198
3589766323	ACC	5.3407803	-8.035697	-1.6677973
3589766328	ACC	5.367101	-8.073982	-1.6821543
3589766333	ACC	5.4149575	-8.1433735	-1.6004993
3589766338	ACC	5.4439707	-8.169695	-1.6052849
3589766343	ACC	5.4463634	-8.1840515	-1.5837495
3589766348	ACC	5.4463634	-8.212766	-1.5574285
3589766353	ACC	5.4559345	-8.212766	-1.5526428
3589766358	ACC	5.482256	-8.232207	-1.5311074
3589766363	ACC	5.4702916	-8.251349	-1.495215
3589766369	ACC	5.4559345	-8.306385	-1.5239289
3589766374	ACC	5.434399	-8.356634	-1.5167505
3589766379	ACC	5.4224353	-8.394919	-1.5358931
3589766384	ACC	5.400601	-8.433205	-1.5143577
3589766389	ACC	5.367101	-8.488239	-1.5000007
3589766394	ACC	5.328816	-8.5220375	-1.4928222
3589766399	ACC	5.3240304	-8.57468	-1.483251
3589766404	ACC	5.319245	-8.605786	-1.4473586
3589766409	ACC	5.2977095	-8.612965	-1.3800604
3589766414	ACC	5.278567	-8.610572	-1.332204
3589766419	ACC	5.2905307	-8.653643	-1.3250256
3589766424	ACC	5.2809596	-8.670393	-1.2843475
3589766429	ACC	5.326423	-8.687142	-1.2460624
3589766434	ACC	5.3144593	-8.68475	-1.2221341
3589766439	ACC	5.3096733	-8.668	-1.2317054
3589766444	ACC	5.3383875	-8.636893	-1.2460624
3589766449	ACC	5.3647084	-8.663215	-1.3058829
3589766454	ACC	5.3886366	-8.641679	-1.387239
3589766459	ACC	5.3790655	-8.608179	-1.4976078
3589766464	ACC	5.4029937	-8.514859	-1.5861423
3589766469	ACC	5.4463634	-8.478668	-1.6654046
3589766474	ACC	5.4990053	-8.469096	-1.8089739
3589766479	ACC	5.5540404	-8.428419	-1.9118652
3589766484	ACC	5.5803614	-8.409276	-1.9671993
3589766489	ACC	5.5923257	-8.3733835	-2.0030916
3589766494	ACC	5.6449676	-8.359027	-2.077269
3589766499	ACC	5.7003016	-8.351849	-2.079662
3589766504	ACC	5.7673006	-8.354241	-2.0844476
3589766509	ACC	5.752944	-8.359027	-2.1155543
3589766514	ACC	5.748158	-8.287242	-2.0844476
3589766519	ACC	5.7601223	-8.203195	-2.053341
3589766524	ACC	5.7266226	-8.140981	-2.0198414
3589766529	ACC	5.3240304	-8.359027	-2.053341
3589766534	ACC	5.1589255	-8.248957	-2.01027
3589766539	ACC	5.178068	-8.06441	-1.9408783
3589766544	ACC	5.1996036	-7.9372916	-1.9552352
3589766549	ACC	5.261817	-7.9301133	-1.9695921
3589766554	ACC	5.395815	-7.858329	-1.9408783
3589766559	ACC	5.4463634	-7.8894353	-1.8975084
3589766564	ACC	5.5444694	-7.908578	-1.8711873
3589766569	ACC	5.623432	-7.8774714	-1.8113668
3589766574	ACC	5.721837	-7.8200436	-1.6749759
3589766579	ACC	5.8630137	-7.767401	-1.602892
3589766584	ACC	6.035596	-7.7482586	-1.5861423
3589766589	ACC	6.1624155	-7.7362947	-1.5717853
3589766594	ACC	6.2775702	-7.702795	-1.5861423
3589766599	ACC	6.320641	-7.676175	-1.5717853
3589766604	ACC	6.390033	-7.668997	-1.5430715
3589766609	ACC	6.4331036	-7.702795	-1.576571
3589766614	ACC	6.4067826	-7.760223	-1.6531414
3589766619	ACC	6.437889	-7.784151	-1.68694
3589766624	ACC	6.483353	-7.77458	-1.698904
3589766629	ACC	6.442675	-7.7626157	-1.7228323
3589766634	ACC	6.445068	-7.7410803	-1.7395821
3589766639	ACC	6.4331036	-7.7961154	-1.7180467
3589766644	ACC	6.4259253	-7.8080792	-1.6196418
3589766649	ACC	6.378069	-7.79133	-1.5526428
3589766654	ACC	6.363712	-7.8056865	-1.4976078
3589766659	ACC	6.3278193	-7.8463645	-1.4330016
3589766664	ACC	6.265606	-7.8296146	-1.3704891
3589766669	ACC	6.073881	-7.8894353	-1.2915261
3589766674	ACC	5.829514	-7.98784	-1.2699906
3589766679	ACC	5.705087	-8.124231	-1.1718849
3589766684	ACC	5.683253	-8.196015	-1.0639088
3589766689	ACC	5.613861	-8.244171	-0.9131609
3589766694	ACC	5.5707903	-8.275278	-0.82672024
3589766699	ACC	5.518148	-8.299206	-0.6831509
3589766704	ACC	5.4966125	-8.34467	-0.59940207
3589766709	ACC	5.465506	-8.3327055	-0.53688955
3589766714	ACC	5.4173503	-8.325527	-0.517747
3589766719	ACC	5.352744	-8.296813	-0.5608178
3589766724	ACC	5.3407803	-8.263314	-0.6975078
3589766729	ACC	5.3766723	-8.246564	-0.84347
3589766734	ACC	5.4607205	-8.248957	-1.0184451
3589766739	ACC	5.515755	-8.292027	-1.198206
3589766744	ACC	5.5396833	-8.318349	-1.2771691
3589766749	ACC	5.582754	-8.303992	-1.4042878
3589766754	ACC	5.573183	-8.2346	-1.5574285
3589766759	ACC	5.606683	-8.19123	-1.6630118
3589766764	ACC	5.66411	-8.152945	-1.8400806
3589766769	ACC	5.683253	-8.085946	-2.0222342
3589766774	ACC	5.6907306	-8.059625	-2.1801605
3589766779	ACC	5.697909	-8.057232	-2.2618155
3589766784	ACC	5.7074804	-8.045268	-2.3431716
3589766789	ACC	5.72423	-8.066803	-2.4029922
3589766794	ACC	5.738587	-8.06441	-2.3718855
3589766799	ACC	5.712266	-8.052446	-2.3455644
3589766804	ACC	5.721837	-8.107481	-2.3144577
3589766809	ACC	5.6760745	-8.136195	-2.245066
3589766814	ACC	5.642575	-8.155337	-2.1777678
3589766819	ACC	5.625825	-8.1840515	-2.1107686
3589766824	ACC	5.58754	-8.212766	-2.024627
3589766829	ACC	5.5851474	-8.241778	-1.9384855
3589766835	ACC	5.5612187	-8.258529	-1.9094725
3589766840	ACC	5.5277195	-8.248957	-1.8496519
3589766845	ACC	5.4846487	-8.263314	-1.820938
3589766850	ACC	5.4702916	-8.248957	-1.8233309
3589766855	ACC	5.441578	-8.241778	-1.7802601
3589766860	ACC	5.4200425	-8.246564	-1.7754744
3589766865	ACC	5.4439707	-8.229815	-1.753939
3589766870	ACC	5.451149	-8.263314	-1.7060826
3589766875	ACC	5.4463634	-8.246564	-1.6773686
3589766880	ACC	5.4631133	-8.2346	-1.6654046
3589766885	ACC	5.4535418	-8.2681	-1.6435701
3589766890	ACC	5.451149	-8.284849	-1.631606
3589766895	ACC	5.451149	-8.227122	-1.6244274
3589766900	ACC	5.4607205	-8.256135	-1.6076777
3589766905	ACC	5.4320064	-8.287242	-1.6148561
3589766910	ACC	5.451149	-8.318349	-1.6220347
3589766915	ACC	5.410172	-8.34467	-1.602892
3589766920	ACC	5.3910294	-8.342277	-1.5837495
3589766925	ACC	5.383851	-8.337491	-1.5741782
3589766930	ACC	5.3886366	-8.315956	-1.5502499
3589766935	ACC	5.3623157	-8.342277	-1.4856437
3589766940	ACC	5.343173	-8.323134	-1.483251
3589766945	ACC	5.3479586	-8.308778	-1.4760724
3589766950	ACC	5.3814583	-8.306385	-1.5167505
3589766955	ACC	5.3982077	-8.280064	-1.5526428
3589766960	ACC	5.4224353	-8.270493	-1.5717853
3589766965	ACC	5.439185	-8.248957	-1.5789639
3589766970	ACC	5.482256	-8.265707	-1.6244274
3589766975	ACC	5.4894342	-8.270493	-1.6244274
3589766980	ACC	5.5205407	-8.284849	-1.6411772
3589766985	ACC	5.5612187	-8.289635	-1.5813566
3589766990	ACC	5.5707903	-8.258529	-1.6124634
3589766995	ACC	5.5683975	-8.258529	-1.6220347
3589767000	ACC	5.58754	-8.244171	-1.6076777
3589767005	ACC	5.5779686	-8.241778	-1.6220347
3589767010	ACC	5.573183	-8.239386	-1.6483557
3589767015	ACC	5.597111	-8.222337	-1.6845472
3589767020	ACC	5.601897	-8.200802	-1.7060826
3589767025	ACC	5.5803614	-8.188837	-1.713261
3589767030	ACC	5.6210394	-8.164909	-1.7635103
3589767035	ACC	5.625825	-8.1433735	-1.7730815
3589767040	ACC	5.6210394	-8.107481	-1.8017955
3589767045	ACC	5.640182	-8.095517	-1.8329022
3589767050	ACC	5.656932	-8.102695	-1.8544376
3589767055	ACC	5.640182	-8.100303	-1.8544376
3589767060	ACC	5.628218	-8.093124	-1.8520447
3589767065	ACC	5.616254	-8.078768	-1.847259
3589767070	ACC	5.5947185	-8.06441	-1.8520447
3589767075	ACC	5.582754	-8.069196	-1.8520447
3589767080	ACC	5.5851474	-8.062017	-1.8424734
3589767085	ACC	5.5923257	-8.059625	-1.8065811
3589767090	ACC	5.6042895	-8.057232	-1.8137596
3589767095	ACC	5.623432	-8.062017	-1.7898313
3589767100	ACC	5.628218	-8.076375	-1.7754744
3589767105	ACC	5.6377892	-8.076375	-1.7611175
3589767110	ACC	5.623432	-8.095517	-1.7180467
3589767115	ACC	5.6473603	-8.119446	-1.6773686
3589767120	ACC	5.6210394	-8.052446	-1.6531414
3589767125	ACC	5.6042895	-8.066803	-1.6196418
3589767130	ACC	5.6090755	-8.066803	-1.6292131
3589767135	ACC	5.6210394	-8.117053	-1.5693926
3589767140	ACC	5.6473603	-8.150552	-1.5526428
3589767145	ACC	5.640182	-8.160124	-1.5598212
3589767150	ACC	5.6521463	-8.203195	-1.5502499
3589767155	ACC	5.666503	-8.236993	-1.5502499
3589767160	ACC	5.688338	-8.248957	-1.5143577
3589767165	ACC	5.7003016	-8.282456	-1.4665012
3589767170	ACC	5.7266226	-8.308778	-1.4377873
3589767175	ACC	5.7266226	-8.320742	-1.3995022
3589767180	ACC	5.745765	-8.3015995	-1.3513466
3589767185	ACC	5.7338014	-8.311171	-1.3034902
3589767190	ACC	5.7433724	-8.299206	-1.2436695
3589767195	ACC	5.7696934	-8.292027	-1.1910275
3589767200	ACC	5.7696934	-8.303992	-1.2053844
3589767205	ACC	5.7744794	-8.287242	-1.198206
3589767210	ACC	5.7601223	-8.248957	-1.2005987
3589767215	ACC	5.705087	-8.2346	-1.224527
3589767220	ACC	5.709873	-8.2609215	-1.2675978
3589767225	ACC	5.72423	-8.251349	-1.2843475
3589767230	ACC	5.7074804	-8.277671	-1.3154542
3589767235	ACC	5.6931233	-8.284849	-1.3513466
3589767240	ACC	5.7026944	-8.284849	-1.4042878
3589767245	ACC	5.721837	-8.315956	-1.468894
3589767250	ACC	5.7194443	-8.32792	-1.509572
3589767255	ACC	5.750551	-8.323134	-1.5933207
3589767260	ACC	5.7673006	-8.311171	-1.6531414
3589767265	ACC	5.7720866	-8.318349	-1.7156538
3589767270	ACC	5.7673006	-8.308778	-1.7682959
3589767275	ACC	5.764908	-8.296813	-1.8257236
3589767280	ACC	5.762515	-8.34467	-1.8879371
3589767286	ACC	5.752944	-8.306385	-1.9695921
3589767291	ACC	5.762515	-8.303992	-1.9839491
3589767296	ACC	5.750551	-8.356634	-1.9839491
3589767301	ACC	5.736194	-8.3733835	-1.9262222
3589767306	ACC	5.7338014	-8.378169	-1.8903298
3589767311	ACC	5.7194443	-8.368598	-1.8400806
3589767316	ACC	5.671289	-8.347063	-1.7611175
3589767321	ACC	5.6617174	-8.335098	-1.727618
3589767326	ACC	5.6521463	-8.311171	-1.7252251
3589767331	ACC	5.6617174	-8.313563	-1.7156538
3589767336	ACC	5.630611	-8.313563	-1.7300107
3589767341	ACC	5.601897	-8.315956	-1.7994026
3589767346	ACC	5.5923257	-8.3327055	-1.7850457
3589767351	ACC	5.58754	-8.306385	-1.7994026
3589767356	ACC	5.5803614	-8.303992	-1.8017955
3589767361	ACC	5.575576	-8.320742	-1.8065811
3589767366	ACC	5.5707903	-8.318349	-1.7563318
3589767371	ACC	5.5683975	-8.306385	-1.7228323
3589767376	ACC	5.5660048	-8.280064	-1.698904
3589767381	ACC	5.5612187	-8.272885	-1.657927
3589767386	ACC	5.542076	-8.263314	-1.617249
3589767391	ACC	5.506184	-8.203195	-1.6100706
3589767396	ACC	5.522934	-8.219944	-1.5933207
3589767401	ACC	5.515755	-8.186444	-1.6100706
3589767406	ACC	5.508577	-8.167302	-1.6387844
3589767411	ACC	5.5013986	-8.181659	-1.6630118
3589767416	ACC	5.49422	-8.164909	-1.7084754
3589767421	ACC	5.5133624	-8.136195	-1.6917256
3589767426	ACC	5.4990053	-8.140981	-1.7084754
3589767431	ACC	5.532505	-8.172088	-1.7156538
3589767436	ACC	5.5660048	-8.17448	-1.7108682
3589767441	ACC	5.6090755	-8.169695	-1.6917256
3589767446	ACC	5.6353965	-8.181659	-1.7180467
3589767451	ACC	5.6521463	-8.188837	-1.6917256
3589767456	ACC	5.6521463	-8.22473	-1.6654046
3589767461	ACC	5.4535418	-8.538788	-1.6387844
3589767466	ACC	5.4559345	-8.299206	-1.5574285
3589767471	ACC	5.6473603	-8.119446	-1.5502499
3589767476	ACC	5.786443	-8.021339	-1.6220347
3589767481	ACC	5.805586	-8.033304	-1.6196418
3589767486	ACC	5.8127646	-8.042875	-1.6531414
3589767491	ACC	5.8414783	-8.006983	-1.7395821
3589767496	ACC	5.829514	-8.030911	-1.7659031
3589767501	ACC	5.788836	-8.050054	-1.7802601
3589767506	ACC	5.729016	-8.090732	-1.7778672
3589767511	ACC	5.683253	-8.0715885	-1.7826529
3589767516	ACC	5.6688957	-8.03809	-1.7611175
3589767521	ACC	5.6497536	-8.047661	-1.7874385
3589767526	ACC	5.6210394	-8.088339	-1.8065811
3589767531	ACC	5.6377892	-8.028518	-1.8065811
3589767536	ACC	5.613861	-8.062017	-1.8687944
3589767541	ACC	5.573183	-7.978269	-1.8233309
3589767546	ACC	5.5779686	-7.963912	-1.8640088
3589767551	ACC	5.5612187	-7.9998045	-1.8879371
3589767556	ACC	5.573183	-7.9540415	-1.8735801
3589767561	ACC	5.597111	-8.014161	-1.9070797
3589767566	ACC	5.5516477	-8.062017	-1.9214365
3589767571	ACC	5.549255	-8.021339	-1.8687944
3589767576	ACC	5.5683975	-7.9686975	-1.8592232
3589767581	ACC	5.599504	-7.932506	-1.8281165
3589767586	ACC	5.479863	-8.081161	-1.8376877
3589767591	ACC	5.3240304	-8.239386	-1.8281165
3589767596	ACC	5.4463634	-8.081161	-1.7946169
3589767601	ACC	5.613861	-7.875078	-1.7156538
3589767606	ACC	5.6330037	-7.899007	-1.753939
3589767611	ACC	5.6473603	-8.00459	-1.7587247
3589767616	ACC	5.6090755	-8.069196	-1.7395821
3589767621	ACC	5.5660048	-8.035697	-1.6555341
3589767626	ACC	5.549255	-7.9950185	-1.6076777
3589767631	ACC	5.5372906	-7.9950185	-1.5646069
3589767636	ACC	5.4990053	-7.980662	-1.495215
3589767641	ACC	5.5205407	-8.006983	-1.4784653
3589767646	ACC	5.558826	-8.023732	-1.4736797
3589767651	ACC	5.556433	-7.980662	-1.442573
3589767656	ACC	5.5683975	-7.980662	-1.442573
3589767661	ACC	5.556433	-7.939685	-1.4521443
3589767666	ACC	5.589933	-7.9564342	-1.5239289
3589767671	ACC	5.623432	-7.9612203	-1.6004993
3589767676	ACC	5.628218	-7.9564342	-1.7252251
3589767681	ACC	5.6497536	-7.9710903	-1.8424734
3589767686	ACC	5.654539	-7.9540415	-1.943271
3589767691	ACC	5.6353965	-7.973483	-2.0485554
3589767696	ACC	5.6210394	-7.9710903	-2.1131616
3589767701	ACC	5.6593246	-7.9926257	-2.1681964
3589767706	ACC	5.6736817	-8.03809	-2.1586251
3589767711	ACC	5.68086	-8.078768	-2.117947
3589767716	ACC	5.6688957	-8.112267	-2.0676978
3589767721	ACC	5.6784673	-8.140981	-2.0054846
3589767726	ACC	5.654539	-8.140981	-1.9289142
3589767732	ACC	5.6186466	-8.157731	-1.835295
3589767737	ACC	5.601897	-8.17448	-1.7515461
3589767742	ACC	5.58754	-8.188837	-1.6773686
3589767747	ACC	5.597111	-8.227122	-1.6148561
3589767752	ACC	5.5707903	-8.248957	-1.5837495
3589767757	ACC	5.5516477	-8.272885	-1.5741782
3589767762	ACC	5.549255	-8.335098	-1.5502499
3589767767	ACC	5.534898	-8.366205	-1.5239289
3589767772	ACC	5.5133624	-8.402098	-1.495215
3589767777	ACC	5.475077	-8.40449	-1.4784653
3589767782	ACC	5.4726844	-8.435597	-1.4904294
3589767787	ACC	5.4726844	-8.426025	-1.4521443
3589767792	ACC	5.451149	-8.418847	-1.4377873
3589767797	ACC	5.451149	-8.387741	-1.428216
3589767802	ACC	5.441578	-8.330313	-1.4066806
3589767807	ACC	5.458328	-8.270493	-1.3776677
3589767812	ACC	5.439185	-8.188837	-1.372882
3589767817	ACC	5.4367924	-8.162517	-1.3561323
3589767822	ACC	5.4296136	-8.109874	-1.3345969
3589767827	ACC	5.4053864	-8.021339	-1.2987045
3589767832	ACC	5.352744	-8.002197	-1.2460624
3589767837	ACC	5.395815	-8.030911	-1.2699906
3589767842	ACC	5.4463634	-8.052446	-1.3250256
3589767847	ACC	5.49422	-8.105088	-1.3274183
3589767852	ACC	5.5133624	-8.09791	-1.3971093
3589767857	ACC	5.5540404	-8.076375	-1.4497514
3589767862	ACC	5.623432	-8.088339	-1.454537
3589767867	ACC	5.625825	-7.9830546	-1.4473586
3589767872	ACC	5.683253	-7.9205422	-1.468894
3589767877	ACC	5.709873	-7.9013996	-1.5502499
3589767882	ACC	5.7194443	-7.9013996	-1.6893328
3589767887	ACC	5.750551	-7.855936	-1.7898313
3589767892	ACC	5.7003016	-7.841579	-1.8687944
3589767897	ACC	5.671289	-7.8296146	-1.902294
3589767902	ACC	5.6907306	-7.815258	-1.9408783
3589767907	ACC	5.6931233	-7.75783	-1.971985
3589767912	ACC	5.4559345	-7.7626157	-1.9839491
3589767917	ACC	5.3742795	-7.8056865	-1.9911275
3589767922	ACC	5.4966125	-7.827222	-1.8831514
3589767927	ACC	5.606683	-7.8774714	-1.6531414
3589767932	ACC	5.791229	-7.9420776	-1.4449657
3589767937	ACC	6.0020967	-8.011768	-1.358525
3589767942	ACC	6.289534	-8.090732	-1.3489537
3589767947	ACC	6.567401	-8.188837	-1.3776677
3589767952	ACC	6.6391854	-8.229815	-1.4258232
3589767957	ACC	6.553044	-8.200802	-1.495215
3589767962	ACC	6.4163537	-8.145766	-1.5861423
3589767967	ACC	6.3661046	-8.157731	-1.6483557
3589767972	ACC	6.207879	-8.169695	-1.7635103
3589767977	ACC	6.0571313	-8.169695	-1.8041883
3589767982	ACC	6.035596	-8.20798	-1.8735801
3589767987	ACC	5.941977	-8.29442	-1.9408783
3589767992	ACC	5.901299	-8.378169	-1.957628
3589767997	ACC	5.8893347	-8.466703	-1.9671993
3589768002	ACC	5.819943	-8.435597	-1.9839491
3589768007	ACC	5.81755	-8.36142	-1.9528424
3589768012	ACC	5.853442	-8.394919	-1.8999012
3589768017	ACC	5.8486567	-8.4451685	-1.8520447
3589768022	ACC	5.8486567	-8.452347	-1.7898313
3589768027	ACC	5.819943	-8.495418	-1.6965113
3589768032	ACC	5.853442	-8.459525	-1.6196418
3589768037	ACC	5.95424	-8.430812	-1.590928
3589768042	ACC	5.9491553	-8.40449	-1.5861423
3589768047	ACC	5.9805613	-8.380562	-1.5933207
3589768052	ACC	5.994918	-8.402098	-1.5669997
3589768057	ACC	5.9733825	-8.40449	-1.5885352
3589768062	ACC	5.8510494	-8.423633	-1.6339988
3589768067	ACC	5.72423	-8.449954	-1.6507485
3589768072	ACC	5.549255	-8.433205	-1.672583
3589768077	ACC	5.316852	-8.481061	-1.672583
3589768082	ACC	4.9265227	-8.579466	-1.6603198
3589768087	ACC	4.473681	-8.689535	-1.5885352
3589768092	ACC	4.0567317	-8.768798	-1.4234303
3589768097	ACC	3.6783667	-8.926724	-1.238884
3589768102	ACC	3.321537	-9.142377	-1.0256236
3589768107	ACC	3.0269206	-9.307781	-0.74536425
3589768112	ACC	2.8663025	-9.420243	-0.4339982
3589768117	ACC	3.3000016	-9.343674	-0.1585245
3589768122	ACC	4.193422	-9.094521	-0.021834506
3589768127	ACC	4.7898326	-8.953045	-0.024227329
3589768132	ACC	5.151747	-8.953045	-0.12263216
3589768137	ACC	5.4296136	-8.93151	-0.42681974
3589768142	ACC	5.6473603	-8.941081	-0.84825563
3589768147	ACC	5.805586	-8.842976	-1.224527
3589768152	ACC	5.9156556	-8.687142	-1.5646069
3589768157	ACC	6.018846	-8.579466	-1.9046868
3589768163	ACC	6.114559	-8.514859	-2.2474587
3589768168	ACC	6.1791654	-8.435597	-2.6377878
3589768173	ACC	6.1791654	-8.382955	-2.9300113
3589768178	ACC	6.1456656	-8.363812	-3.1169505
3589768183	ACC	6.104988	-8.366205	-3.275176
3589768188	ACC	6.049953	-8.378169	-3.4067812
3589768193	ACC	5.9733825	-8.457132	-3.4331024
3589768198	ACC	5.9324055	-8.495418	-3.3876386
3589768203	ACC	5.937191	-8.567501	-3.179164
3589768208	ACC	5.9156556	-8.620144	-2.9252257
3589768213	ACC	5.9300127	-8.663215	-2.7071798
3589768218	ACC	5.901299	-8.653643	-2.4798615
3589768223	ACC	5.843871	-8.624929	-2.25703
3589768228	ACC	5.7003016	-8.627322	-2.0581267
3589768233	ACC	5.5683975	-8.632108	-1.9336998
3589768238	ACC	5.4966125	-8.560323	-1.8065811
3589768243	ACC	5.3982077	-8.627322	-1.7060826
3589768248	ACC	5.252246	-8.703893	-1.6435701
3589768253	ACC	5.1323056	-8.526823	-1.5717853
3589768258	ACC	5.1011987	-8.339884	-1.6076777
3589768263	ACC	5.098806	-8.299206	-1.6507485
3589768268	ACC	5.007879	-8.392527	-1.6459628
3589768273	ACC	4.9839506	-8.409276	-1.6917256
3589768278	ACC	4.9863434	-8.387741	-1.6797615
3589768283	ACC	5.0126643	-8.306385	-1.6821543
3589768288	ACC	4.948058	-8.241778	-1.5861423
3589768293	ACC	4.962415	-8.196015	-1.5598212
3589768298	ACC	5.082056	-8.186444	-1.5885352
3589768303	ACC	5.1900325	-8.107481	-1.6196418
3589768308	ACC	5.2307105	-8.062017	-1.6339988
3589768313	ACC	5.2570314	-8.0404825	-1.6845472
3589768318	ACC	5.304888	-7.9830546	-1.7300107
3589768323	ACC	5.3096733	-7.922935	-1.7922242
3589768328	ACC	5.276174	-7.858329	-1.8089739
3589768333	ACC	5.288138	-7.85115	-1.820938
3589768338	ACC	5.2905307	-7.8367934	-1.8305093
3589768343	ACC	5.316852	-7.7697945	-1.7563318
3589768348	ACC	5.285745	-7.7530446	-1.7180467
3589768353	ACC	5.271388	-7.7697945	-1.6483557
3589768358	ACC	5.2570314	-7.7961154	-1.5502499
3589768363	ACC	5.252246	-7.79133	-1.4569299
3589768368	ACC	5.2666025	-7.77458	-1.3752748
3589768373	ACC	5.300102	-7.786544	-1.3130615
3589768378	ACC	5.352744	-7.8296146	-1.2484552
3589768383	ACC	5.434399	-7.841579	-1.1647065
3589768388	ACC	5.5037913	-7.8128653	-1.114158
3589768393	ACC	5.573183	-7.7817583	-1.1069796
3589768398	ACC	5.630611	-7.8056865	-1.1069796
3589768403	ACC	5.7194443	-7.7793655	-1.1551352
3589768408	ACC	5.8223357	-7.7482586	-1.1886346
3589768413	ACC	5.843871	-7.745866	-1.2317054
3589768418	ACC	5.9156556	-7.7410803	-1.2963116
3589768423	ACC	6.006882	-7.7554374	-1.3800604
3589768428	ACC	6.1265235	-7.7961154	-1.442573
3589768433	ACC	6.1911297	-7.79133	-1.5191432
3589768438	ACC	6.1887364	-7.7650084	-1.5502499
3589768443	ACC	6.3326054	-7.743473	-1.5813566
3589768448	ACC	6.4402823	-7.7961154	-1.6124634
3589768453	ACC	6.437889	-7.7961154	-1.6630118
3589768458	ACC	6.536294	-7.8296146	-1.7252251
3589768463	ACC	6.6128645	-7.85115	-1.7371893
3589768468	ACC	6.6391854	-7.8320074	-1.7395821
3589768473	ACC	6.6702924	-7.8296146	-1.7419748
3589768478	ACC	6.6272216	-7.827222	-1.7515461
3589768483	ACC	6.591329	-7.841579	-1.7371893
3589768488	ACC	6.593722	-7.8726854	-1.7515461
3589768493	ACC	6.5386868	-7.8679	-1.7060826
3589768498	ACC	6.5051875	-7.9013996	-1.6387844
3589768503	ACC	6.452246	-7.891828	-1.5789639
3589768508	ACC	6.4235325	-7.882257	-1.5167505
3589768513	ACC	6.263213	-7.891828	-1.4904294
3589768518	ACC	5.898906	-7.9133635	-1.3824533
3589768523	ACC	5.7074804	-8.0404825	-1.3034902
3589768528	ACC	5.640182	-8.124231	-1.2436695
3589768533	ACC	5.5516477	-8.140981	-1.1479566
3589768538	ACC	5.4846487	-8.090732	-1.0136595
3589768543	ACC	5.4367924	-8.059625	-0.9514461
3589768548	ACC	5.4535418	-8.083553	-0.9514461
3589768553	ACC	5.475077	-8.169695	-0.9275179
3589768558	ACC	5.4726844	-8.176873	-0.965803
3589768563	ACC	5.467899	-8.1433735	-1.0016954
3589768568	ACC	5.491827	-8.126624	-1.0710872
3589768573	ACC	5.4870415	-8.088339	-1.1455638
3589768578	ACC	5.5013986	-8.090732	-1.2293127
3589768583	ACC	5.534898	-8.107481	-1.3202399
3589768588	ACC	5.546862	-8.085946	-1.3800604
3589768593	ACC	5.573183	-8.062017	-1.4760724
3589768598	ACC	5.5612187	-8.057232	-1.5693926
3589768603	ACC	5.5947185	-8.054839	-1.6363916
3589768608	ACC	5.625825	-8.073982	-1.6363916
3589768614	ACC	5.6377892	-8.03809	-1.7084754
3589768619	ACC	5.606683	-8.057232	-1.7395821
3589768624	ACC	5.625825	-8.09791	-1.7347964
3589768629	ACC	5.640182	-8.109874	-1.7347964
3589768634	ACC	5.630611	-8.160124	-1.753939
3589768639	ACC	5.601897	-8.172088	-1.7730815
3589768644	ACC	5.5947185	-8.212766	-1.8185452
3589768649	ACC	5.5372906	-8.217551	-1.8496519
3589768654	ACC	5.5301123	-8.251349	-1.8711873
3589768659	ACC	5.4966125	-8.222337	-1.8664017
3589768664	ACC	5.49422	-8.275278	-1.902294
3589768669	ACC	5.4702916	-8.277671	-1.9624137
3589768674	ACC	5.458328	-8.263314	-1.9887347
3589768679	ACC	5.4439707	-8.248957	-2.0174487
3589768684	ACC	5.465506	-8.244171	-1.9887347
3589768689	ACC	5.448756	-8.272885	-2.0030916
3589768694	ACC	5.441578	-8.280064	-2.0054846
3589768699	ACC	5.4200425	-8.313563	-1.9791634
3589768704	ACC	5.427221	-8.380562	-1.9070797
3589768709	ACC	5.4053864	-8.409276	-1.8520447
3589768714	ACC	5.3982077	-8.392527	-1.7730815
3589768719	ACC	5.393422	-8.426025	-1.727618
3589768724	ACC	5.407779	-8.447561	-1.6603198
3589768729	ACC	5.427221	-8.440383	-1.6076777
3589768734	ACC	5.4224353	-8.483454	-1.5717853
3589768739	ACC	5.4463634	-8.529217	-1.5454643
3589768744	ACC	5.4439707	-8.560323	-1.5311074
3589768749	ACC	5.4320064	-8.567501	-1.5215361
3589768754	ACC	5.4535418	-8.572288	-1.5335002
3589768759	ACC	5.467899	-8.612965	-1.5406786
3589768764	ACC	5.451149	-8.612965	-1.5335002
3589768769	ACC	5.448756	-8.579466	-1.5167505
3589768774	ACC	5.4631133	-8.55793	-1.5191432
3589768779	ACC	5.4702916	-8.49811	-1.5287145
3589768784	ACC	5.49422	-8.40449	-1.5550356
3589768789	ACC	5.506184	-8.394919	-1.6076777
3589768794	ACC	5.506184	-8.394919	-1.672583
3589768799	ACC	5.5253267	-8.347063	-1.7419748
3589768804	ACC	5.532505	-8.356634	-1.7611175
3589768809	ACC	5.5109696	-8.342277	-1.7922242
3589768814	ACC	5.5277195	-8.335098	-1.7946169
3589768819	ACC	5.5540404	-8.325527	-1.7682959
3589768824	ACC	5.534898	-8.3015995	-1.7347964
3589768829	ACC	5.5277195	-8.311171	-1.6965113
3589768834	ACC	5.522934	-8.308778	-1.68694
3589768839	ACC	5.5205407	-8.313563	-1.6459628
3589768844	ACC	5.5205407	-8.323134	-1.6100706
3589768849	ACC	5.5253267	-8.337491	-1.5933207
3589768854	ACC	5.556433	-8.308778	-1.5478572
3589768859	ACC	5.5516477	-8.306385	-1.5191432
3589768864	ACC	5.5660048	-8.313563	-1.5000007
3589768869	ACC	5.599504	-8.296813	-1.4880366
3589768874	ACC	5.613861	-8.318349	-1.4593227
3589768879	ACC	5.625825	-8.282456	-1.4521443
3589768884	ACC	5.6521463	-8.303992	-1.442573
3589768889	ACC	5.654539	-8.318349	-1.4330016
3589768894	ACC	5.6784673	-8.299206	-1.4258232
3589768899	ACC	5.6931233	-8.292027	-1.442573
3589768904	ACC	5.6688957	-8.306385	-1.4353945
3589768909	ACC	5.6784673	-8.306385	-1.4665012
3589768914	ACC	5.6856456	-8.289635	-1.4306089
3589768919	ACC	5.6931233	-8.29442	-1.4641083
3589768924	ACC	5.683253	-8.287242	-1.4473586
3589768929	ACC	5.688338	-8.282456	-1.4066806
3589768934	ACC	5.695516	-8.29442	-1.4066806
3589768939	ACC	5.688338	-8.29442	-1.4042878
3589768944	ACC	5.6617174	-8.244171	-1.3561323
3589768949	ACC	5.654539	-8.258529	-1.3752748
3589768954	ACC	5.6856456	-8.270493	-1.3513466
3589768959	ACC	5.666503	-8.284849	-1.3776677
3589768964	ACC	5.6330037	-8.280064	-1.4042878
3589768969	ACC	5.6330037	-8.282456	-1.4114662
3589768974	ACC	5.6497536	-8.277671	-1.4018949
3589768979	ACC	5.6330037	-8.263314	-1.4617156
3589768984	ACC	5.630611	-8.229815	-1.4928222
3589768989	ACC	5.6377892	-8.2346	-1.5143577
3589768994	ACC	5.671289	-8.222337	-1.5191432
3589768999	ACC	5.6449676	-8.198408	-1.5047864
3589769004	ACC	5.666503	-8.181659	-1.4976078
3589769009	ACC	5.6736817	-8.188837	-1.5263218
3589769014	ACC	5.6760745	-8.172088	-1.5167505
3589769019	ACC	5.640182	-8.17448	-1.5047864
3589769024	ACC	5.656932	-8.169695	-1.4856437
3589769029	ACC	5.666503	-8.148159	-1.4712868
3589769034	ACC	5.6377892	-8.162517	-1.468894
3589769039	ACC	5.6521463	-8.181659	-1.4904294
3589769044	ACC	5.6449676	-8.176873	-1.4928222
3589769049	ACC	5.616254	-8.1433735	-1.4904294
3589769054	ACC	5.616254	-8.133802	-1.5071791
3589769060	ACC	5.625825	-8.148159	-1.509572
3589769065	ACC	5.6353965	-8.160124	-1.495215
3589769070	ACC	5.616254	-8.138588	-1.5000007
3589769075	ACC	5.6449676	-8.126624	-1.509572
3589769080	ACC	5.6377892	-8.107481	-1.5119648
3589769085	ACC	5.6688957	-8.11466	-1.5574285
3589769090	ACC	5.695516	-8.102695	-1.5717853
3589769095	ACC	5.7026944	-8.06441	-1.5861423
3589769100	ACC	5.688338	-8.062017	-1.5837495
3589769105	ACC	5.688338	-8.078768	-1.5957136
3589769110	ACC	5.6931233	-8.093124	-1.5837495
3589769115	ACC	5.68086	-8.066803	-1.6196418
3589769120	ACC	5.7170515	-8.073982	-1.6196418
3589769125	ACC	5.712266	-8.057232	-1.5957136
3589769130	ACC	5.7170515	-8.095517	-1.5957136
3589769135	ACC	5.7146587	-8.081161	-1.6076777
3589769140	ACC	5.791229	-8.016554	-1.602892
3589769145	ACC	5.8247285	-7.9854474	-1.6148561
3589769150	ACC	5.796015	-8.028518	-1.6196418
3589769155	ACC	5.745765	-8.062017	-1.617249
3589769160	ACC	5.6931233	-8.054839	-1.6507485
3589769165	ACC	5.6473603	-8.069196	-1.6555341
3589769170	ACC	5.625825	-8.083553	-1.6483557
3589769175	ACC	5.666503	-8.09791	-1.6459628
3589769180	ACC	5.656932	-8.136195	-1.6076777
3589769185	ACC	5.6593246	-8.117053	-1.5861423
3589769190	ACC	5.6186466	-8.109874	-1.5287145
3589769195	ACC	5.613861	-8.112267	-1.4880366
3589769200	ACC	5.575576	-8.117053	-1.5191432
3589769205	ACC	5.58754	-8.119446	-1.5071791
3589769210	ACC	5.5707903	-8.085946	-1.509572
3589769215	ACC	5.563612	-8.090732	-1.5406786
3589769220	ACC	5.5660048	-8.083553	-1.576571
3589769225	ACC	5.5444694	-8.062017	-1.6268203
3589769230	ACC	5.556433	-8.066803	-1.657927
3589769235	ACC	5.5444694	-8.066803	-1.7012969
3589769240	ACC	5.5683975	-8.078768	-1.7180467
3589769245	ACC	5.5779686	-8.073982	-1.7419748
3589769250	ACC	5.5516477	-8.083553	-1.7371893
3589769255	ACC	5.5851474	-8.117053	-1.6893328
3589769260	ACC	5.556433	-8.107481	-1.6677973
3589769265	ACC	5.5660048	-8.100303	-1.6845472
3589769270	ACC	5.5516477	-8.105088	-1.6773686
3589769275	ACC	5.5301123	-8.129017	-1.6797615
3589769280	ACC	5.5205407	-8.119446	-1.7012969
3589769285	ACC	5.5253267	-8.119446	-1.6965113
3589769290	ACC	5.4966125	-8.150552	-1.713261
3589769295	ACC	5.4702916	-8.138588	-1.698904
3589769300	ACC	5.49422	-8.155337	-1.7324036
3589769305	ACC	5.4726844	-8.160124	-1.6965113
3589769310	ACC	5.467899	-8.157731	-1.698904
3589769315	ACC	5.458328	-8.157731	-1.6797615
3589769320	ACC	5.4966125	-8.217551	-1.6630118
3589769325	ACC	5.5253267	-8.241778	-1.6387844
3589769330	ACC	5.549255	-8.256135	-1.6555341
3589769335	ACC	5.5923257	-8.284849	-1.6483557
3589769340	ACC	5.6186466	-8.282456	-1.6654046
3589769345	ACC	5.5851474	-8.275278	-1.7180467
3589769350	ACC	5.5851474	-8.253742	-1.8017955
3589769355	ACC	5.58754	-8.200802	-1.8735801
3589769360	ACC	5.589933	-8.162517	-1.9238294
3589769365	ACC	5.582754	-8.119446	-1.9815563
3589769370	ACC	5.625825	-8.085946	-2.0581267
3589769375	ACC	5.654539	-8.093124	-2.0868404
3589769380	ACC	5.688338	-8.1433735	-2.1299112
3589769385	ACC	5.7170515	-8.186444	-2.1538396
3589769390	ACC	5.7577295	-8.222337	-2.1370897
3589769395	ACC	5.786443	-8.205587	-2.1131616
3589769400	ACC	5.829514	-8.1433735	-2.077269
3589769405	ACC	5.8630137	-8.13141	-2.0365913
3589769410	ACC	5.8797636	-8.105088	-1.9289142
3589769415	ACC	5.8223357	-8.129017	-1.8592232
3589769420	ACC	5.8008003	-8.205587	-1.861616
3589769425	ACC	5.81755	-8.34467	-1.8448663
3589769430	ACC	5.793622	-8.49811	-1.7706888
3589769435	ACC	5.7146587	-8.612965	-1.7994026
3589769440	ACC	5.5851474	-8.715857	-1.68694
3589769445	ACC	5.427221	-8.734999	-1.5646069
3589769450	ACC	5.2426744	-8.780762	-1.3995022
3589769455	ACC	5.0653067	-8.766405	-1.2077773
3589769460	ACC	4.90738	-8.763713	-0.9490533
3589769465	ACC	4.7946186	-8.699107	-0.73579293
3589769470	ACC	4.825725	-8.648857	-0.54406804
3589769475	ACC	5.0007	-8.586644	-0.4531408
3589769480	ACC	5.168497	-8.545966	-0.4124628
3589769485	ACC	5.3766723	-8.555537	-0.48424748
3589769490	ACC	5.4846487	-8.52443	-0.558425
3589769495	ACC	5.4463634	-8.507681	-0.6113662
3589769500	ACC	5.343173	-8.449954	-0.64008003
3589769505	ACC	5.151747	-8.435597	-0.7070791
3589769510	ACC	5.1589255	-8.40449	-0.73818576
3589769515	ACC	5.2498527	-8.299206	-0.79800636
3589769520	ACC	5.261817	-8.236993	-0.88205427
3589769526	ACC	5.168497	-8.2346	-0.93230355
3589769531	ACC	5.1442695	-8.258529	-1.0040882
3589769536	ACC	5.180461	-8.251349	-1.0615159
3589769541	ACC	5.261817	-8.270493	-1.102194
3589769546	ACC	5.3718867	-8.3327055	-1.1742777
3589769551	ACC	5.4870415	-8.378169	-1.2412767
3589769556	ACC	5.601897	-8.435597	-1.3082758
3589769561	ACC	5.829514	-8.435597	-1.3489537
3589769566	ACC	6.0379887	-8.457132	-1.4641083
3589769571	ACC	6.212665	-8.466703	-1.617249
3589769576	ACC	6.378069	-8.449954	-1.7587247
3589769581	ACC	6.478567	-8.43799	-1.8807586
3589769586	ACC	6.565008	-8.426025	-1.9671993
3589769591	ACC	6.581758	-8.392527	-2.0485554
3589769596	ACC	6.660721	-8.36142	-2.077269
3589769601	ACC	6.691828	-8.306385	-2.1251256
3589769606	ACC	6.773483	-8.337491	-2.1490538
3589769611	ACC	6.8165536	-8.337491	-2.1801605
3589769616	ACC	6.850053	-8.289635	-2.1538396
3589769621	ACC	6.8668027	-8.205587	-2.1370897
3589769626	ACC	6.921838	-8.193623	-2.1442683
3589769631	ACC	6.984051	-8.222337	-2.1538396
3589769636	ACC	7.0633135	-8.299206	-2.175375
3589769641	ACC	7.1470623	-8.3327055	-2.2618155
3589769646	ACC	7.1374907	-8.330313	-2.3623142
3589769651	ACC	7.0561347	-8.313563	-2.4774687
3589769656	ACC	6.919445	-8.289635	-2.6090739
3589769661	ACC	6.708577	-8.203195	-2.7047868
3589769666	ACC	6.454639	-8.09791	-2.786442
3589769671	ACC	6.1528444	-7.966305	-2.8223343
3589769676	ACC	5.843871	-7.8367934	-2.7792635
3589769681	ACC	5.558826	-7.7817583	-2.6425736
3589769686	ACC	5.3144593	-7.815258	-2.4702902
3589769691	ACC	5.113163	-7.915756	-2.2474587
3589769696	ACC	4.936094	-8.021339	-1.971985
3589769701	ACC	4.8305106	-8.085946	-1.5957136
3589769706	ACC	4.744369	-8.152945	-1.2723835
3589769711	ACC	4.6558347	-8.20798	-0.9179466
3589769716	ACC	4.6148577	-8.289635	-0.61854464
3589769721	ACC	4.5670013	-8.351849	-0.31405798
3589769726	ACC	4.54068	-8.29442	-2.9910283E-4
3589769731	ACC	4.516752	-8.251349	0.25603202
3589769736	ACC	4.5095735	-8.200802	0.46181476
3589769741	ACC	4.4808593	-8.176873	0.5554339
3589769746	ACC	4.545466	-8.181659	0.55782676
3589769751	ACC	4.598108	-8.155337	0.57457656
3589769756	ACC	4.6893344	-8.140981	0.5243273
3589769761	ACC	4.7946186	-8.081161	0.43788654
3589769766	ACC	4.9025946	-8.023732	0.33020952
3589769771	ACC	4.938487	-8.011768	0.22492532
3589769776	ACC	4.9839506	-7.946863	0.11934203
3589769781	ACC	5.0533423	-7.8774714	0.014057833
3589769786	ACC	5.1179485	-7.8224363	-0.11784652
3589769791	ACC	5.1661043	-7.79133	-0.26141587
3589769796	ACC	5.2139606	-7.8080792	-0.38853458
3589769801	ACC	5.276174	-7.8080792	-0.4651049
3589769806	ACC	5.304888	-7.815258	-0.49860442
3589769811	ACC	5.3072805	-7.7793655	-0.5512465
3589769816	ACC	5.367101	-7.7817583	-0.6376872
3589769821	ACC	5.4173503	-7.77458	-0.6855437
3589769826	ACC	5.479863	-7.7961154	-0.72382885
3589769831	ACC	5.5540404	-7.8128653	-0.78843504
3589769836	ACC	5.6593246	-7.8200436	-0.762114
3589769841	ACC	5.779265	-7.827222	-0.75254273
3589769846	ACC	5.8677993	-7.839186	-0.75493556
3589769851	ACC	5.9901323	-7.879864	-0.7501499
3589769856	ACC	6.116952	-7.922935	-0.6855437
3589769861	ACC	6.2584276	-7.9540415	-0.60658056
3589769866	ACC	6.411568	-7.98784	-0.5775676
3589769871	ACC	6.5315084	-8.006983	-0.6017949
3589769876	ACC	6.689435	-8.035697	-0.6759724
3589769881	ACC	6.732506	-8.069196	-0.7477571
3589769886	ACC	6.780661	-7.9974113	-0.82911307
3589769891	ACC	6.821339	-7.958827	-0.965803
3589769896	ACC	6.8691955	-7.975876	-1.1117653
3589769901	ACC	6.9170523	-7.990233	-1.2675978
3589769906	ACC	6.9673014	-7.9950185	-1.3920245
3589769911	ACC	7.0561347	-7.9686975	-1.4712868
3589769916	ACC	7.0896344	-7.966305	-1.5382859
3589769921	ACC	7.1973114	-7.963912	-1.5478572
3589769926	ACC	7.3579297	-7.980662	-1.4976078
3589769931	ACC	7.3196445	-8.035697	-1.4066806
3589769936	ACC	7.2379894	-8.093124	-1.332204
3589769941	ACC	7.185347	-8.13141	-1.3106686
3589769946	ACC	7.226025	-8.176873	-1.3250256
3589769951	ACC	7.266703	-8.193623	-1.3130615
3589769956	ACC	7.331609	-8.1840515	-1.3417753
3589769961	ACC	7.3866434	-8.138588	-1.3417753
3589769966	ACC	7.393822	-8.093124	-1.4162519
3589769971	ACC	7.353144	-8.054839	-1.4641083
3589769977	ACC	7.266703	-7.9564342	-1.4377873
3589769982	ACC	7.242775	-7.8631144	-1.3704891
3589769987	ACC	7.218847	-7.8607216	-1.2795619
3589769992	ACC	7.185347	-7.8894353	-1.238884
3589769997	ACC	7.1542406	-8.009376	-1.2460624
3589770002	ACC	7.1566334	-8.100303	-1.3010973
3589770007	ACC	7.123134	-8.160124	-1.3250256
3589770012	ACC	7.1159554	-8.229815	-1.3561323
3589770017	ACC	7.1015987	-8.219944	-1.4497514
3589770022	ACC	6.9912295	-8.176873	-1.4976078
3589770027	ACC	6.8452673	-8.126624	-1.5789639
3589770032	ACC	6.725327	-8.107481	-1.617249
3589770037	ACC	6.682256	-8.06441	-1.6773686
3589770042	ACC	6.684649	-7.9974113	-1.6845472
3589770047	ACC	6.684649	-7.949256	-1.7180467
3589770052	ACC	6.7516484	-7.9372916	-1.7563318
3589770057	ACC	6.9003024	-7.9133635	-1.7874385
3589770062	ACC	7.149455	-7.9301133	-1.875973
3589770067	ACC	7.460821	-7.9710903	-1.9624137
3589770072	ACC	7.760223	-7.966305	-2.0318055
3589770077	ACC	7.9926257	-7.9277205	-2.0341983
3589770082	ACC	8.169993	-7.8320074	-2.0365913
3589770087	ACC	8.390432	-7.7219377	-2.02702
3589770092	ACC	8.567501	-7.6833534	-2.0581267
3589770097	ACC	8.725727	-7.6402826	-2.161018
3589770102	ACC	8.816654	-7.623533	-2.25703
3589770107	ACC	8.802298	-7.5996046	-2.3001008
3589770112	ACC	8.732905	-7.597212	-2.3264217
3589770117	ACC	8.629715	-7.5924263	-2.3144577
3589770122	ACC	8.615358	-7.6019974	-2.1972094
3589770127	ACC	8.828618	-7.8056865	-1.7180467
3589770132	ACC	8.986844	-7.800901	-1.5335002
3589770137	ACC	9.202497	-7.815258	-1.3633107
3589770142	ACC	9.475577	-7.705188	-1.317847
3589770147	ACC	9.789336	-7.7147593	-1.1647065
3589770152	ACC	10.076775	-7.9037924	-0.98973125
3589770157	ACC	10.321141	-8.057232	-0.6664011
3589770162	ACC	10.639686	-8.176873	-0.27098715
3589770167	ACC	11.049457	-8.325527	-0.06520442
3589770172	ACC	11.363215	-8.442776	0.11455639
3589770177	ACC	11.480464	-8.514859	0.29671
3589770182	ACC	11.3727865	-8.581859	0.40917268
3589770187	ACC	11.1116705	-8.476275	0.36370903
3589770192	ACC	10.829018	-8.318349	0.30867413
3589770197	ACC	10.55833	-8.117053	0.19830517
3589770202	ACC	10.254143	-7.915756	-2.9910283E-4
3589770207	ACC	10.04806	-7.7697945	-0.19920248
3589770212	ACC	9.755837	-7.623533	-0.30927232
3589770217	ACC	9.3867445	-7.489535	-0.3044867
3589770222	ACC	9.2336035	-7.4536424	-0.18723837
3589770227	ACC	9.195318	-7.429714	0.05712864
3589770232	ACC	9.166604	-7.3695946	0.34456646
3589770237	ACC	9.240782	-7.1829543	0.6678966
3589770242	ACC	9.329316	-6.8931236	1.0079765
3589770247	ACC	9.645468	-6.691828	1.2909278
3589770252	ACC	10.119845	-6.6559353	1.6692929
3589770257	ACC	10.591829	-6.766005	2.1628125
3589770262	ACC	10.910374	-6.9409804	2.6491537
3589770267	ACC	11.073385	-6.9242306	3.0705895
3589770272	ACC	11.034801	-6.567102	3.4779677
3589770277	ACC	10.543973	-5.5393844	4.093521
3589770282	ACC	9.940084	-5.0437713	4.9319067
3589770287	ACC	10.395319	-6.3514485	6.1322064
3589770292	ACC	11.432608	-7.7889366	6.122635
3589770297	ACC	11.822937	-8.409276	6.596713
3589770302	ACC	11.645867	-8.265707	7.5143604
3589770307	ACC	11.248061	-7.7219377	8.245069
3589770312	ACC	10.666007	-7.1709905	8.633005
3589770317	ACC	10.17488	-6.782755	9.143274
3589770322	ACC	9.815658	-6.646364	9.2126665
3589770327	ACC	9.578469	-6.6296144	9.066704
3589770332	ACC	9.497113	-6.586244	8.781659
3589770337	ACC	9.353245	-6.495317	8.39821
3589770342	ACC	8.927023	-6.378069	7.6698937
3589770347	ACC	8.706584	-6.3418775	7.2412796
3589770352	ACC	8.637193	-6.241379	7.116554
3589770357	ACC	8.251349	-5.8630137	7.3322067
3589770362	ACC	8.011768	-5.491528	7.643573
3589770367	ACC	7.6980095	-5.2830534	7.713264
3589770372	ACC	7.3196445	-5.180162	7.6770725
3589770377	ACC	6.77109	-5.0341997	8.010273
3589770382	ACC	6.3421764	-4.919045	8.498708
3589770387	ACC	5.884549	-4.7970114	8.879765
3589770392	ACC	5.5301123	-4.6316075	9.236594
3589770397	ACC	5.151747	-4.54068	9.41157
3589770402	ACC	4.718048	-4.4518466	9.516854
3589770407	ACC	4.339384	-4.325027	10.012766
3589770412	ACC	3.958626	-4.2098722	10.693225
3589770417	ACC	3.7836509	-3.876971	11.217852
3589770422	ACC	3.4244282	-3.1896327	11.483754
3589770428	ACC	2.8782666	-2.3679972	11.39492
3589770433	ACC	2.245963	-1.6181463	11.289637
3589770438	ACC	1.5966109	-1.0552348	11.562717
3589770443	ACC	0.8853444	-0.55692947	11.864512
3589770448	ACC	0.767797	-0.6358926	10.456037
3589770453	ACC	1.0336994	-1.0815558	7.413563
3589770458	ACC	1.0743774	-1.0241281	4.896014
3589770463	ACC	1.1608181	-0.6334998	3.6598222
3589770468	ACC	1.3235301	-0.08255238	3.880261
3589770473	ACC	1.3761721	0.41575295	4.54397
3589770478	ACC	1.2684951	0.605085	5.1499524
3589770483	ACC	1.0576276	0.5306084	5.387141
3589770488	ACC	0.87338024	0.29102704	5.322535
3589770493	ACC	0.6984051	-0.29102704	5.4684973
3589770498	ACC	0.5665008	-1.0456635	6.0768723
3589770503	ACC	0.66729844	-1.634896	6.862615
3589770508	ACC	0.89013004	-1.783251	7.4063845
3589770513	ACC	0.9020941	-1.3043875	7.495218
3589770518	ACC	0.49471608	-0.5282156	7.380063
3589770523	ACC	-0.104087785	0.2000998	7.272386
3589770528	ACC	-0.59282184	0.60747784	7.274779
3589770533	ACC	-0.74386877	0.6840482	7.346564
3589770538	ACC	-0.75583285	0.35593235	7.5693955
3589770543	ACC	-0.65982085	-0.2335993	8.19452
3589770548	ACC	-0.3484548	-1.5005989	10.216455
3589770553	ACC	-0.022731815	-2.7415764	13.306487
3589770558	ACC	0.0634098	-3.8650067	14.973985
3589770563	ACC	0.14745769	-4.703392	13.620544
3589770568	ACC	-0.35324043	-4.2867417	11.181661
3589770573	ACC	-1.390529	-2.7846475	9.040084
3589770578	ACC	-1.8912272	-1.3713865	7.873583
3589770583	ACC	-1.7521443	-0.3173481	7.7682986
3589770588	ACC	-1.5439688	0.19770697	8.16102
3589770593	ACC	-1.3163515	0.35353956	8.937193
3589770598	ACC	-0.95682997	0.12831512	10.067801
3589770603	ACC	-0.69332033	-0.42741793	11.426027
3589770608	ACC	-0.72442704	-1.0073783	11.82862
3589770613	ACC	-0.7268199	-1.6253247	11.986546
3589770618	ACC	-0.767797	-1.8047864	12.293426
3589770623	ACC	-1.0408778	-1.2179468	12.393924
3589770628	ACC	-1.3689936	-0.33409786	12.247663
3589770633	ACC	-1.6420746	0.18335004	11.859726
3589770638	ACC	-1.6277176	0.2000998	11.339886
3589770643	ACC	-1.4575281	0.010767702	10.743475
3589770648	ACC	-1.253839	-0.27667013	10.187741
3589770653	ACC	-1.0767702	-0.62153566	9.710972
3589770658	ACC	-0.9951151	-0.90418786	9.351749
3589770663	ACC	-1.0145568	-1.0648061	8.932407
3589770668	ACC	-0.9975079	-1.0145568	8.42453
3589770673	ACC	-1.0097711	-0.72442704	8.084451
3589770678	ACC	-1.0169497	-0.24795625	7.8831544
3589770683	ACC	-0.8539386	0.22881366	8.003095
3589770688	ACC	-0.48035914	0.59760743	8.29771
3589770693	ACC	-0.07298109	0.8781659	8.357532
3589770698	ACC	0.40378883	1.1392827	8.268997
3589770703	ACC	0.77736825	1.4410775	7.9094753
3589770708	ACC	1.0504491	1.7668004	7.384849
3589770713	ACC	1.4075779	2.056631	6.989734
3589770718	ACC	1.7213368	2.2986052	6.6831536
3589770723	ACC	1.8409779	2.7415764	6.410073
3589770728	ACC	1.8888344	3.2135608	6.2757754
3589770733	ACC	1.8146569	3.4268212	5.9955163
3589770738	ACC	1.4434702	3.3789647	5.588437
3589770743	ACC	1.0097711	3.2832518	5.1667023
3589770748	ACC	0.64576304	3.249453	4.9773703
3589770753	ACC	0.4779663	3.3837504	5.0156555
3589770758	ACC	0.5952146	3.6113675	5.102096
3589770763	ACC	0.45164528	3.5321052	5.154738
3589770768	ACC	-0.13519448	3.74058	5.0156555
3589770773	ACC	-0.8108678	4.104887	4.814658
3589770778	ACC	-1.3378869	4.092923	4.57747
3589770783	ACC	-1.6731812	3.999304	4.3737807
3589770788	ACC	-1.7234305	3.9107695	4.34746
3589770793	ACC	-1.6205392	3.8868413	4.4671006
3589770798	ACC	-1.4001004	3.807579	4.642076
3589770803	ACC	-1.0456635	3.6687953	4.8026943
3589770808	ACC	-0.61914283	3.5225341	5.0252266
3589770813	ACC	-0.16630118	3.4100714	5.226523
3589770818	ACC	0.2623132	3.4124641	5.276772
3589770823	ACC	0.5832505	3.4603207	5.5594244
3589770828	ACC	0.8997013	3.4459636	6.259026
3589770833	ACC	1.1847463	3.3670006	6.862615
3589770838	ACC	1.2756736	3.4052858	7.150053
3589770843	ACC	1.1847463	3.5392838	7.1766734
3589770848	ACC	0.9906286	3.6616168	7.116554
3589770853	ACC	0.77018976	3.7597225	7.171888
3589770858	ACC	0.65294147	3.6113675	7.2987075
3589770863	ACC	0.58564335	3.496213	7.3322067
3589770868	ACC	0.54735816	3.455535	7.305886
3589770874	ACC	0.5353941	3.4196427	7.4303126
3589770879	ACC	0.5282156	3.4220355	7.7826557
3589770884	ACC	0.4755735	3.5225341	8.058129
3589770889	ACC	0.35832518	3.7836509	7.993523
3589770894	ACC	0.23838496	4.0184464	7.600502
3589770899	ACC	0.10199407	4.2867417	7.085447
3589770904	ACC	-0.039481573	4.564608	6.556035
3589770909	ACC	-0.1471586	4.9695935	6.122635
3589770914	ACC	0.1905285	4.8233323	5.899803
3589770919	ACC	0.590429	4.504788	5.6793647
3589770924	ACC	0.8252247	4.3130627	5.5908303
3589770929	ACC	0.97866446	4.0881376	5.631508
3589770934	ACC	1.0432707	4.0184464	5.6482577
3589770939	ACC	1.0504491	4.0447674	5.703293
3589770944	ACC	0.8709874	4.226921	5.8301125
3589770949	ACC	0.54735816	4.488038	6.079265
3589770954	ACC	0.2216352	4.7635117	6.3236322
3589770959	ACC	-0.008374879	5.005486	6.457929
3589770964	ACC	-0.20727827	5.086842	6.5512495
3589770969	ACC	-0.4851448	5.1323056	6.788438
3589770974	ACC	-0.65264237	5.098806	7.111768
3589770979	ACC	-0.5952146	4.998307	7.315457
3589770984	ACC	-0.55692947	4.8882375	7.3896346
3589770989	ACC	-0.5665008	4.8448677	7.3609204
3589770994	ACC	-0.55692947	4.8616176	7.3322067
3589770999	ACC	-0.49232325	4.8858447	7.5646095
3589771004	ACC	-0.4226323	4.8858447	7.8496547
3589771009	ACC	-0.48753762	4.9169517	7.952546
3589771014	ACC	-0.7220342	4.957629	8.036594
3589771019	ACC	-0.8874381	4.868796	8.247461
3589771024	ACC	-0.9448658	4.71087	8.486744
3589771029	ACC	-0.8874381	4.5837507	8.288139
3589771034	ACC	-1.0552348	4.6893344	8.113164
3589771039	ACC	-1.2227324	4.607679	7.9716887
3589771044	ACC	-1.3139588	4.459324	7.914261
3589771049	ACC	-1.4694922	4.3755755	7.954939
3589771054	ACC	-1.6660028	4.4018965	8.103593
3589771059	ACC	-1.8864416	4.5502515	8.153842
3589771064	ACC	-2.0371895	4.744369	8.259425
3589771069	ACC	-2.1619153	4.9265227	8.402995
3589771074	ACC	-2.3150558	5.084449	8.604291
3589771079	ACC	-2.3488545	4.974379	8.623434
3589771084	ACC	-2.3198416	4.8496532	8.505886
3589771089	ACC	-2.3632114	4.7730827	8.381459
3589771094	ACC	-2.3656044	4.651049	8.304889
3589771099	ACC	-2.2265215	4.6965127	8.328817
3589771104	ACC	-2.013261	4.768297	8.177771
3589771109	ACC	-1.771287	4.808975	8.108378
3589771114	ACC	-1.6109679	4.785047	8.096415
3589771119	ACC	-1.5750755	4.8041897	8.082058
3589771124	ACC	-1.6396817	4.835296	8.094022
3589771129	ACC	-1.7138592	4.7970114	8.082058
3589771134	ACC	-1.7736797	4.768297	7.8400836
3589771139	ACC	-1.867299	4.734798	7.6698937
3589771144	ACC	-2.0276182	4.6462636	7.6603227
3589771149	ACC	-2.193022	4.627121	7.6746798
3589771154	ACC	-2.3847468	4.6654058	7.64118
3589771159	ACC	-2.6219354	4.7252264	7.5789666
3589771164	ACC	-2.777469	4.7084765	7.4641113
3589771169	ACC	-2.9093733	4.6558347	7.41117
3589771174	ACC	-3.0146575	4.5358944	7.346564
3589771179	ACC	-3.1199417	4.54068	7.380063
3589771184	ACC	-3.1513474	4.5765724	7.691429
3589771189	ACC	-2.9428728	4.5526443	8.288139
3589771194	ACC	-2.600101	4.528716	8.915657
3589771199	ACC	-2.3512473	4.490431	9.255737
3589771204	ACC	-2.3102703	4.4832525	9.366106
3589771209	ACC	-2.35364	4.4952164	9.320642
3589771214	ACC	-2.3365912	4.473681	9.277272
3589771219	ACC	-2.1978076	4.497609	9.210274
3589771224	ACC	-1.9630119	4.516752	9.069097
3589771229	ACC	-1.8242282	4.423432	8.891729
3589771234	ACC	-1.852942	4.3779683	8.695218
3589771239	ACC	-1.9797616	4.392325	8.585149
3589771244	ACC	-2.1595225	4.5430727	8.508279
3589771249	ACC	-2.329413	4.6486564	8.431708
3589771254	ACC	-2.423032	4.6725845	8.407781
3589771259	ACC	-2.3919253	4.6989055	8.350353
3589771264	ACC	-2.3584259	4.691727	8.350353
3589771269	ACC	-2.3464618	4.7371907	8.34796
3589771274	ACC	-2.231307	4.808975	8.237591
3589771279	ACC	-1.9917258	4.859225	8.1586275
3589771284	ACC	-1.7210377	4.8329034	8.225627
3589771289	ACC	-1.4910276	4.7419763	8.371888
3589771294	ACC	-1.3833506	4.3851466	8.585149
3589771299	ACC	-1.4718851	4.416253	8.716754
3589771304	ACC	-1.8864416	5.146662	8.570791
3589771309	ACC	-2.3222344	4.976772	8.539685
