3670142099	-0.692	5.427	8.549
3670142104	-0.747	5.409	8.561
3670142109	-0.801	5.397	8.579
3670142114	-0.887	5.385	8.639
3670142119	-0.947	5.368	8.738
3670142124	-0.975	5.36	8.883
3670142129	-0.939	5.374	9.032
3670142134	-0.847	5.395	9.169
3670142139	-0.715	5.411	9.274
3670142144	-0.575	5.42	9.32
3670142149	-0.444	5.436	9.297
3670142154	-0.349	5.451	9.228
3670142159	-0.299	5.472	9.115
3670142164	-0.294	5.523	8.955
3670142169	-0.335	5.602	8.776
3670142174	-0.407	5.684	8.624
3670142179	-0.49	5.759	8.534
3670142184	-0.562	5.814	8.501
3670142189	-0.613	5.826	8.517
3670142194	-0.627	5.79	8.577
3670142199	-0.603	5.725	8.653
3670142204	-0.56	5.654	8.711
3670142209	-0.51	5.6	8.766
3670142214	-0.455	5.566	8.809
3670142220	-0.403	5.561	8.808
3670142225	-0.352	5.575	8.739
3670142230	-0.293	5.596	8.602
3670142235	-0.244	5.605	8.395
3670142240	-0.21	5.61	8.154
3670142245	-0.198	5.622	7.923
3670142250	-0.206	5.63	7.746
3670142255	-0.222	5.622	7.647
3670142260	-0.214	5.6	7.646
3670142265	-0.156	5.561	7.752
3670142270	-0.038	5.493	7.977
3670142275	0.091	5.447	8.197
3670142280	0.191	5.441	8.366
3670142285	0.263	5.445	8.484
3670142290	0.306	5.436	8.522
3670142295	0.326	5.415	8.44
3670142300	0.369	5.356	8.334
3670142305	0.449	5.261	8.232
3670142310	0.549	5.193	8.107
3670142315	0.634	5.184	7.953
3670142320	0.689	5.238	7.766
3670142325	0.702	5.33	7.565
3670142330	0.673	5.434	7.356
3670142335	0.604	5.499	7.157
3670142340	0.493	5.52	6.996
3670142345	0.342	5.488	6.888
3670142350	0.18	5.431	6.868
3670142355	0.014	5.388	6.953
3670142360	-0.158	5.39	7.131
3670142365	-0.318	5.435	7.38
3670142370	-0.451	5.505	7.686
3670142375	-0.538	5.564	7.983
3670142380	-0.567	5.577	8.223
3670142385	-0.526	5.527	8.399
3670142390	-0.424	5.429	8.503
3670142395	-0.272	5.327	8.533
3670142400	-0.099	5.257	8.491
3670142405	0.061	5.233	8.415
3670142410	0.188	5.249	8.355
3670142415	0.279	5.292	8.321
3670142420	0.333	5.325	8.299
3670142425	0.339	5.334	8.296
3670142430	0.317	5.307	8.286
3670142435	0.281	5.263	8.229
3670142440	0.235	5.208	8.141
3670142445	0.187	5.163	8.06
3670142450	0.153	5.134	8.02
3670142455	0.138	5.137	8.016
3670142460	0.139	5.169	8.027
3670142465	0.15	5.206	8.043
3670142470	0.175	5.227	8.046
3670142475	0.206	5.212	8.019
3670142480	0.238	5.159	7.983
3670142485	0.26	5.068	7.986
3670142490	0.267	4.962	8.022
3670142495	0.224	4.878	8.099
3670142500	0.124	4.847	8.198
3670142505	-0.018	4.86	8.298
3670142510	-0.168	4.906	8.386
3670142515	-0.304	4.966	8.465
3670142520	-0.403	5.017	8.515
3670142525	-0.459	5.027	8.539
3670142530	-0.489	5.008	8.547
3670142535	-0.509	4.959	8.509
3670142540	-0.535	4.893	8.413
3670142545	-0.571	4.834	8.275
3670142550	-0.623	4.795	8.121
3670142555	-0.691	4.767	7.969
3670142560	-0.783	4.756	7.841
3670142565	-0.896	4.757	7.745
3670142570	-1.026	4.746	7.681
3670142575	-1.163	4.733	7.633
3670142580	-1.299	4.72	7.59
3670142585	-1.425	4.717	7.556
3670142590	-1.528	4.719	7.55
3670142595	-1.601	4.715	7.597
3670142600	-1.648	4.681	7.67
3670142605	-1.676	4.629	7.762
3670142610	-1.688	4.556	7.878
3670142615	-1.667	4.455	8.017
3670142620	-1.636	4.368	8.133
3670142625	-1.598	4.332	8.253
3670142630	-1.557	4.33	8.386
3670142635	-1.522	4.369	8.541
3670142640	-1.523	4.459	8.702
3670142645	-1.548	4.563	8.872
3670142650	-1.592	4.652	9.049
3670142655	-1.666	4.736	9.242
3670142660	-1.746	4.803	9.421
3670142665	-1.817	4.846	9.562
3670142671	-1.873	4.863	9.673
3670142676	-1.906	4.853	9.739
3670142681	-1.897	4.82	9.734
3670142686	-1.862	4.783	9.667
3670142691	-1.798	4.763	9.553
3670142696	-1.704	4.774	9.401
3670142701	-1.578	4.801	9.234
3670142706	-1.423	4.825	9.063
3670142711	-1.234	4.769	8.868
3670142716	-1.046	4.637	8.688
3670142721	-0.873	4.488	8.608
3670142726	-0.727	4.362	8.634
3670142731	-0.637	4.283	8.743
3670142736	-0.631	4.31	8.932
3670142741	-0.695	4.433	9.16
3670142746	-0.809	4.576	9.328
3670142751	-0.967	4.687	9.405
3670142756	-1.126	4.758	9.439
3670142761	-1.27	4.802	9.47
3670142766	-1.387	4.812	9.515
3670142771	-1.492	4.81	9.583
3670142776	-1.606	4.818	9.657
3670142781	-1.724	4.82	9.741
3670142786	-1.834	4.808	9.813
3670142791	-1.93	4.764	9.837
3670142796	-2.015	4.698	9.807
3670142801	-2.074	4.618	9.721
3670142806	-2.11	4.528	9.593
3670142811	-2.124	4.423	9.429
3670142816	-2.109	4.325	9.231
3670142821	-2.052	4.234	9.023
3670142826	-1.974	4.157	8.806
3670142831	-1.859	4.082	8.581
3670142836	-1.714	4.019	8.339
3670142841	-1.479	3.876	8.027
3670142846	-1.172	3.729	7.76
3670142851	-0.927	3.671	7.587
3670142856	-0.768	3.732	7.452
3670142861	-0.683	3.897	7.372
3670142866	-0.76	4.242	7.4
3670142871	-0.968	4.656	7.425
3670142876	-1.148	5.021	7.428
3670142881	-1.323	5.322	7.417
3670142886	-1.488	5.536	7.349
3670142891	-1.603	5.651	7.262
3670142896	-1.701	5.715	7.143
3670142901	-1.77	5.716	6.97
3670142906	-1.778	5.656	6.759
3670142911	-1.763	5.588	6.551
3670142916	-1.769	5.544	6.321
3670142921	-1.768	5.5	6.097
3670142926	-1.792	5.503	5.935
3670142931	-1.863	5.568	5.826
3670142936	-1.958	5.679	5.777
3670142941	-2.058	5.809	5.769
3670142946	-2.163	5.943	5.797
3670142951	-2.26	6.066	5.883
3670142956	-2.349	6.197	6.001
3670142961	-2.393	6.299	6.117
3670142966	-2.406	6.389	6.246
3670142971	-2.38	6.453	6.369
3670142976	-2.278	6.477	6.438
3670142981	-2.09	6.434	6.493
3670142986	-1.861	6.379	6.543
3670142991	-1.604	6.332	6.61
3670142996	-1.356	6.331	6.687
3670143001	-1.166	6.395	6.756
3670143006	-1.027	6.522	6.802
3670143011	-0.934	6.679	6.854
3670143016	-0.864	6.84	6.902
3670143021	-0.793	6.99	6.96
3670143026	-0.701	7.107	7.03
3670143031	-0.595	7.184	7.122
3670143036	-0.473	7.23	7.209
3670143041	-0.334	7.24	7.292
3670143046	-0.181	7.209	7.323
3670143051	0.021	7.098	7.313
3670143056	0.249	6.947	7.339
3670143061	0.459	6.809	7.364
3670143066	0.643	6.669	7.341
3670143071	0.786	6.531	7.294
3670143076	0.849	6.441	7.207
3670143081	0.851	6.366	7.005
3670143086	0.834	6.25	6.757
3670143091	0.788	6.119	6.507
3670143096	0.722	5.985	6.281
3670143101	0.623	5.85	6.065
3670143106	0.482	5.717	5.842
3670143111	0.299	5.581	5.598
3670143117	0.077	5.456	5.347
3670143122	-0.194	5.341	5.097
3670143127	-0.519	5.24	4.887
3670143132	-0.89	5.168	4.741
3670143137	-1.292	5.142	4.654
3670143142	-1.709	5.159	4.614
3670143147	-2.118	5.201	4.622
3670143152	-2.487	5.277	4.668
3670143157	-2.802	5.361	4.733
3670143162	-3.072	5.438	4.814
3670143167	-3.29	5.494	4.915
3670143172	-3.455	5.544	5.011
3670143177	-3.597	5.581	5.101
3670143182	-3.72	5.622	5.188
3670143187	-3.825	5.679	5.276
3670143192	-3.928	5.759	5.374
3670143197	-4.042	5.87	5.496
3670143202	-4.141	6.024	5.639
3670143207	-4.201	6.209	5.815
3670143212	-4.217	6.417	6.022
3670143217	-4.169	6.631	6.233
3670143222	-4.038	6.829	6.442
3670143227	-3.826	6.982	6.629
3670143232	-3.558	7.091	6.782
3670143237	-3.247	7.166	6.892
3670143242	-2.928	7.214	6.978
3670143247	-2.637	7.238	7.039
3670143252	-2.399	7.249	7.081
3670143257	-2.207	7.242	7.107
3670143262	-2.079	7.216	7.115
3670143267	-2.005	7.182	7.107
3670143272	-1.989	7.144	7.076
3670143277	-2.02	7.111	7.033
3670143282	-2.109	7.096	6.979
3670143287	-2.218	7.094	6.923
3670143292	-2.291	7.064	6.876
3670143297	-2.317	7.001	6.911
3670143302	-2.43	6.949	6.937
3670143307	-2.55	6.929	6.839
3670143312	-2.692	6.958	6.713
3670143317	-2.937	7.063	6.606
3670143322	-3.22	7.225	6.486
3670143327	-3.388	7.348	6.439
3670143332	-3.498	7.391	6.56
3670143337	-3.548	7.339	6.759
3670143342	-3.495	7.229	6.971
3670143347	-3.391	7.096	7.158
3670143352	-3.266	6.994	7.314
3670143357	-3.139	6.924	7.475
3670143362	-3.018	6.882	7.612
3670143367	-2.899	6.848	7.759
3670143372	-2.795	6.82	7.905
3670143377	-2.693	6.794	8.026
3670143382	-2.584	6.783	8.11
3670143387	-2.474	6.782	8.167
3670143392	-2.377	6.784	8.178
3670143397	-2.283	6.798	8.161
3670143402	-2.193	6.814	8.141
3670143407	-2.108	6.833	8.104
3670143412	-2.026	6.86	8.061
3670143417	-1.946	6.876	7.994
3670143422	-1.86	6.876	7.899
3670143427	-1.768	6.865	7.787
3670143432	-1.677	6.84	7.667
3670143437	-1.601	6.805	7.542
3670143442	-1.527	6.778	7.414
3670143447	-1.473	6.755	7.289
3670143452	-1.442	6.735	7.168
3670143457	-1.436	6.727	7.057
3670143462	-1.448	6.725	6.953
3670143467	-1.482	6.727	6.861
3670143472	-1.528	6.729	6.779
3670143477	-1.582	6.733	6.699
3670143482	-1.634	6.722	6.626
3670143487	-1.678	6.713	6.558
3670143492	-1.722	6.704	6.493
3670143497	-1.768	6.701	6.442
3670143502	-1.809	6.699	6.403
3670143507	-1.85	6.703	6.367
3670143512	-1.898	6.703	6.334
3670143517	-1.938	6.703	6.305
3670143522	-1.971	6.703	6.271
3670143527	-2.004	6.707	6.239
3670143532	-2.035	6.727	6.226
3670143537	-2.063	6.763	6.217
3670143542	-2.092	6.811	6.218
3670143547	-2.12	6.865	6.225
3670143552	-2.149	6.922	6.246
3670143558	-2.176	6.985	6.266
3670143563	-2.205	7.057	6.302
3670143568	-2.233	7.145	6.362
3670143573	-2.256	7.254	6.466
3670143578	-2.272	7.377	6.608
3670143583	-2.269	7.499	6.76
3670143588	-2.24	7.595	6.909
3670143593	-2.188	7.663	7.057
3670143598	-2.121	7.697	7.188
3670143603	-2.04	7.7	7.314
3670143608	-1.964	7.687	7.46
3670143613	-1.898	7.687	7.641
3670143618	-1.839	7.702	7.847
3670143623	-1.784	7.723	8.071
3670143628	-1.729	7.755	8.299
3670143633	-1.66	7.776	8.549
3670143638	-1.573	7.771	8.812
3670143643	-1.473	7.724	9.062
3670143648	-1.353	7.641	9.301
3670143653	-1.219	7.513	9.527
3670143658	-1.088	7.366	9.718
3670143663	-0.962	7.207	9.875
3670143668	-0.852	7.037	10.014
3670143673	-0.768	6.863	10.122
3670143678	-0.703	6.698	10.178
3670143683	-0.664	6.524	10.184
3670143688	-0.644	6.346	10.116
3670143693	-0.634	6.174	9.984
3670143698	-0.643	6.023	9.788
3670143703	-0.671	5.889	9.552
3670143708	-0.709	5.784	9.267
3670143713	-0.761	5.716	8.949
3670143718	-0.827	5.675	8.602
3670143723	-0.889	5.65	8.252
3670143728	-0.941	5.645	7.9
3670143733	-0.965	5.648	7.587
3670143738	-0.96	5.657	7.364
3670143743	-0.931	5.689	7.231
3670143748	-0.893	5.737	7.127
3670143753	-0.841	5.77	7.018
3670143758	-0.776	5.788	6.899
3670143763	-0.691	5.759	6.747
3670143768	-0.58	5.666	6.569
3670143773	-0.441	5.52	6.409
3670143778	-0.285	5.363	6.309
3670143783	-0.149	5.218	6.264
3670143788	-0.052	5.119	6.262
3670143793	0.003	5.086	6.302
3670143798	0.037	5.119	6.403
3670143803	0.045	5.188	6.54
3670143808	0.055	5.267	6.712
3670143813	0.096	5.339	6.907
3670143818	0.177	5.394	7.12
3670143823	0.277	5.429	7.33
3670143828	0.398	5.443	7.542
3670143833	0.531	5.453	7.749
3670143838	0.659	5.466	7.926
3670143843	0.771	5.475	8.065
3670143848	0.869	5.482	8.149
3670143853	0.952	5.499	8.166
3670143858	1.019	5.513	8.122
3670143863	1.058	5.529	8.037
3670143868	1.073	5.538	7.916
3670143873	1.076	5.552	7.773
3670143878	1.07	5.569	7.617
3670143883	1.06	5.588	7.455
3670143888	1.055	5.603	7.295
3670143893	1.065	5.623	7.144
3670143898	1.083	5.633	7.008
3670143903	1.102	5.629	6.899
3670143908	1.12	5.616	6.814
3670143913	1.14	5.59	6.757
3670143918	1.148	5.554	6.743
3670143923	1.142	5.501	6.783
3670143928	1.112	5.44	6.871
3670143933	1.063	5.368	7.0
3670143938	0.991	5.284	7.157
3670143943	0.903	5.188	7.325
3670143948	0.803	5.097	7.487
3670143953	0.699	5.015	7.638
3670143958	0.604	4.966	7.751
3670143963	0.516	4.954	7.826
3670143968	0.433	4.976	7.867
3670143973	0.372	5.043	7.865
3670143978	0.339	5.146	7.823
3670143983	0.328	5.272	7.753
3670143988	0.351	5.423	7.642
3670143993	0.409	5.599	7.473
3670143998	0.483	5.782	7.26
3670144003	0.565	5.984	7.011
3670144009	0.656	6.191	6.736
3670144014	0.742	6.396	6.447
3670144019	0.813	6.6	6.165
3670144024	0.875	6.806	5.906
3670144029	0.927	6.992	5.668
3670144034	0.967	7.162	5.451
3670144039	0.988	7.312	5.264
3670144044	0.995	7.443	5.127
3670144049	0.996	7.556	5.053
3670144054	0.995	7.664	5.037
3670144059	0.988	7.765	5.094
3670144064	0.985	7.846	5.216
3670144069	0.988	7.892	5.389
3670144074	0.993	7.903	5.607
3670144079	0.998	7.869	5.892
3670144084	0.999	7.791	6.223
3670144089	0.992	7.694	6.589
3670144094	0.969	7.594	6.973
3670144099	0.928	7.48	7.342
3670144104	0.863	7.366	7.695
3670144109	0.78	7.265	8.03
3670144114	0.698	7.165	8.339
3670144119	0.626	7.048	8.605
3670144124	0.567	6.927	8.822
3670144129	0.522	6.804	8.969
3670144134	0.496	6.661	9.031
3670144139	0.459	6.534	9.033
3670144144	0.399	6.421	8.984
3670144149	0.321	6.326	8.89
3670144154	0.229	6.235	8.765
3670144159	0.125	6.157	8.619
3670144164	0.026	6.073	8.446
3670144169	-0.056	5.991	8.247
3670144174	-0.127	5.901	8.028
3670144179	-0.179	5.821	7.795
3670144184	-0.225	5.762	7.561
3670144189	-0.269	5.718	7.337
3670144194	-0.298	5.691	7.138
3670144199	-0.314	5.692	6.974
3670144204	-0.327	5.698	6.84
3670144209	-0.311	5.708	6.748
3670144214	-0.272	5.714	6.689
3670144219	-0.229	5.721	6.669
3670144224	-0.181	5.719	6.68
3670144229	-0.13	5.714	6.722
3670144234	-0.108	5.698	6.769
3670144239	-0.113	5.68	6.833
3670144244	-0.142	5.662	6.896
3670144249	-0.199	5.652	6.965
3670144254	-0.281	5.656	7.048
3670144259	-0.386	5.681	7.133
3670144264	-0.499	5.714	7.225
3670144269	-0.604	5.756	7.31
3670144274	-0.688	5.8	7.389
3670144279	-0.753	5.845	7.449
3670144284	-0.774	5.89	7.503
3670144289	-0.753	5.942	7.541
3670144294	-0.698	6.001	7.571
3670144299	-0.619	6.073	7.589
3670144304	-0.514	6.152	7.59
3670144309	-0.399	6.234	7.565
3670144314	-0.278	6.31	7.497
3670144319	-0.159	6.372	7.4
3670144324	-0.055	6.414	7.283
3670144329	0.026	6.452	7.153
3670144334	0.07	6.483	7.03
3670144339	0.078	6.517	6.926
3670144344	0.043	6.554	6.844
3670144349	-0.022	6.589	6.767
3670144354	-0.1	6.61	6.704
3670144359	-0.183	6.611	6.65
3670144364	-0.272	6.603	6.617
3670144369	-0.36	6.595	6.611
3670144374	-0.448	6.592	6.643
3670144379	-0.533	6.601	6.713
3670144384	-0.617	6.622	6.822
3670144389	-0.691	6.644	6.957
3670144394	-0.739	6.665	7.11
3670144399	-0.769	6.678	7.269
3670144404	-0.781	6.678	7.42
3670144409	-0.777	6.674	7.567
3670144414	-0.767	6.685	7.699
3670144419	-0.76	6.702	7.799
3670144424	-0.744	6.743	7.869
3670144429	-0.727	6.81	7.909
3670144434	-0.705	6.887	7.912
3670144439	-0.68	6.949	7.877
3670144444	-0.661	7.004	7.826
3670144449	-0.656	7.041	7.752
3670144455	-0.665	7.057	7.675
3670144460	-0.691	7.061	7.581
3670144465	-0.741	7.059	7.478
3670144470	-0.815	7.054	7.368
3670144475	-0.912	7.048	7.267
3670144480	-1.03	7.057	7.171
3670144485	-1.174	7.079	7.088
3670144490	-1.329	7.131	7.026
3670144495	-1.482	7.198	6.976
3670144500	-1.606	7.283	6.944
3670144505	-1.682	7.371	6.924
3670144510	-1.685	7.455	6.927
3670144515	-1.598	7.538	6.962
3670144520	-1.415	7.607	7.032
3670144525	-1.16	7.665	7.119
3670144530	-0.865	7.719	7.234
3670144535	-0.545	7.762	7.391
3670144540	-0.225	7.788	7.577
3670144545	0.033	7.785	7.773
3670144550	0.162	7.693	7.975
3670144555	0.257	7.539	8.227
3670144560	0.322	7.392	8.469
3670144565	0.317	7.25	8.687
3670144570	0.272	7.134	8.869
3670144575	0.278	7.082	9.006
3670144580	0.249	7.021	9.048
3670144585	0.181	6.876	9.063
3670144590	0.131	6.656	8.99
3670144595	0.103	6.385	8.825
3670144600	0.071	6.096	8.593
3670144605	0.056	5.857	8.3
3670144610	0.064	5.71	7.935
3670144615	0.109	5.68	7.584
3670144620	0.191	5.741	7.298
3670144625	0.311	5.859	7.047
3670144630	0.465	5.976	6.8
3670144635	0.661	6.054	6.546
3670144640	0.877	6.063	6.292
3670144645	1.102	6.005	6.035
3670144650	1.312	5.897	5.802
3670144655	1.474	5.778	5.596
3670144660	1.554	5.669	5.392
3670144665	1.527	5.545	5.124
3670144670	1.439	5.376	4.852
3670144675	1.335	5.192	4.59
3670144680	1.229	4.999	4.374
3670144685	1.131	4.787	4.235
3670144690	1.059	4.605	4.194
3670144695	0.968	4.517	4.151
3670144700	0.85	4.525	4.049
3670144705	0.732	4.619	3.922
3670144710	0.596	4.775	3.807
3670144715	0.329	4.776	3.784
3670144720	-0.004	4.329	3.568
3670144725	-0.261	3.465	3.141
3670144730	-0.519	2.86	3.375
3670144735	-0.774	2.513	3.723
3670144740	-0.782	2.543	3.81
3670144745	-0.703	3.294	4.494
3670144750	-0.655	4.499	5.479
3670144755	-0.517	5.416	5.806
3670144760	-0.317	6.181	6.104
3670144765	-0.194	6.888	6.659
3670144770	-0.083	7.37	6.908
3670144775	-0.061	7.765	7.288
3670144780	-0.179	8.042	7.815
3670144785	-0.301	7.964	8.334
3670144790	-0.401	7.48	8.879
3670144795	-0.505	6.752	9.406
3670144800	-0.612	5.956	9.77
3670144805	-0.754	5.236	9.998
3670144810	-1.017	4.752	10.143
3670144815	-1.317	4.464	10.193
3670144820	-1.505	4.243	10.256
3670144825	-1.593	4.088	10.393
3670144830	-1.566	3.962	10.575
3670144835	-1.427	3.827	10.744
3670144840	-1.274	3.762	10.88
3670144845	-1.2	3.806	10.906
3670144850	-1.129	3.834	10.82
3670144855	-1.055	3.812	10.676
3670144860	-0.968	3.751	10.538
3670144865	-0.863	3.645	10.453
3670144870	-0.728	3.516	10.428
3670144875	-0.569	3.401	10.442
3670144880	-0.403	3.327	10.445
3670144885	-0.251	3.3	10.387
3670144890	-0.157	3.31	10.271
3670144895	-0.139	3.351	10.136
3670144901	-0.22	3.388	9.977
3670144906	-0.397	3.387	9.793
3670144911	-0.642	3.336	9.608
3670144916	-0.919	3.241	9.387
3670144921	-1.201	3.127	9.101
3670144926	-1.465	3.041	8.805
3670144931	-1.699	3.023	8.544
3670144936	-1.91	3.075	8.301
3670144941	-2.093	3.179	8.114
3670144946	-2.247	3.305	7.992
3670144951	-2.372	3.433	7.909
3670144956	-2.456	3.54	7.838
3670144961	-2.497	3.628	7.781
3670144966	-2.48	3.705	7.714
3670144971	-2.411	3.77	7.64
3670144976	-2.295	3.812	7.574
3670144981	-2.153	3.832	7.515
3670144986	-1.981	3.838	7.493
3670144991	-1.806	3.836	7.52
3670144996	-1.636	3.853	7.593
3670145001	-1.486	3.9	7.689
3670145006	-1.368	3.982	7.823
3670145011	-1.295	4.094	8.002
3670145016	-1.247	4.211	8.214
3670145021	-1.224	4.299	8.44
3670145026	-1.21	4.341	8.666
3670145031	-1.198	4.332	8.86
3670145036	-1.191	4.271	8.994
3670145041	-1.202	4.196	9.064
3670145046	-1.238	4.124	9.073
3670145051	-1.294	4.063	9.045
3670145056	-1.366	4.028	8.996
3670145061	-1.433	4.028	8.922
3670145066	-1.484	4.047	8.832
3670145071	-1.52	4.089	8.758
3670145076	-1.544	4.171	8.711
3670145081	-1.539	4.288	8.689
3670145086	-1.52	4.417	8.679
3670145091	-1.478	4.552	8.68
3670145096	-1.402	4.681	8.661
3670145101	-1.303	4.794	8.611
3670145106	-1.196	4.878	8.529
3670145111	-1.089	4.944	8.433
3670145116	-0.988	4.98	8.332
3670145121	-0.894	4.997	8.238
3670145126	-0.799	4.982	8.169
3670145131	-0.697	4.937	8.128
3670145136	-0.597	4.87	8.134
3670145141	-0.513	4.796	8.171
3670145146	-0.454	4.72	8.221
3670145151	-0.421	4.655	8.287
3670145156	-0.422	4.597	8.35
3670145161	-0.443	4.546	8.403
3670145166	-0.478	4.508	8.46
3670145171	-0.523	4.472	8.546
3670145176	-0.586	4.443	8.642
3670145181	-0.669	4.419	8.754
3670145186	-0.763	4.394	8.851
3670145191	-0.864	4.364	8.919
3670145196	-0.967	4.33	8.942
3670145201	-1.066	4.292	8.916
3670145206	-1.158	4.265	8.851
3670145211	-1.237	4.261	8.779
3670145216	-1.309	4.283	8.709
3670145221	-1.363	4.327	8.65
3670145226	-1.403	4.39	8.596
3670145231	-1.441	4.463	8.543
3670145236	-1.473	4.535	8.495
3670145241	-1.483	4.611	8.465
3670145246	-1.483	4.693	8.454
3670145251	-1.462	4.769	8.475
3670145256	-1.416	4.842	8.52
3670145261	-1.364	4.912	8.588
3670145266	-1.328	4.973	8.658
3670145271	-1.302	5.03	8.731
3670145276	-1.292	5.086	8.812
3670145281	-1.302	5.145	8.911
3670145286	-1.331	5.212	9.025
3670145291	-1.368	5.278	9.158
3670145296	-1.409	5.343	9.324
3670145301	-1.442	5.407	9.503
3670145306	-1.462	5.451	9.686
3670145311	-1.462	5.469	9.852
3670145316	-1.448	5.473	10.001
3670145321	-1.425	5.462	10.115
3670145326	-1.413	5.449	10.206
3670145331	-1.41	5.447	10.276
3670145336	-1.422	5.463	10.343
3670145341	-1.44	5.495	10.412
3670145347	-1.458	5.542	10.485
3670145352	-1.47	5.593	10.566
3670145357	-1.474	5.653	10.647
3670145362	-1.458	5.715	10.724
3670145367	-1.415	5.773	10.78
3670145372	-1.361	5.807	10.822
3670145377	-1.293	5.821	10.834
3670145382	-1.215	5.799	10.806
3670145387	-1.142	5.749	10.715
3670145392	-1.088	5.687	10.577
3670145397	-1.057	5.627	10.393
3670145402	-1.048	5.582	10.2
3670145407	-1.059	5.567	10.023
3670145412	-1.082	5.571	9.883
3670145417	-1.105	5.581	9.769
3670145422	-1.124	5.588	9.652
3670145427	-1.138	5.596	9.509
3670145432	-1.139	5.599	9.333
3670145437	-1.124	5.606	9.135
3670145442	-1.099	5.623	8.918
3670145447	-1.066	5.657	8.699
3670145452	-1.027	5.692	8.487
3670145457	-0.988	5.736	8.296
3670145462	-0.954	5.781	8.117
3670145467	-0.926	5.813	7.951
3670145472	-0.896	5.839	7.809
3670145477	-0.866	5.854	7.691
3670145482	-0.831	5.853	7.585
3670145487	-0.781	5.826	7.497
3670145492	-0.721	5.791	7.439
3670145497	-0.661	5.748	7.398
3670145502	-0.601	5.704	7.383
3670145507	-0.547	5.658	7.382
3670145512	-0.522	5.611	7.395
3670145517	-0.529	5.554	7.418
3670145522	-0.565	5.481	7.432
3670145527	-0.634	5.396	7.426
3670145532	-0.724	5.293	7.418
3670145537	-0.819	5.193	7.412
3670145542	-0.91	5.092	7.4
3670145547	-0.991	5.001	7.4
3670145552	-1.05	4.914	7.416
3670145557	-1.086	4.845	7.434
3670145562	-1.113	4.782	7.453
3670145567	-1.128	4.732	7.489
3670145572	-1.135	4.684	7.558
3670145577	-1.139	4.654	7.638
3670145582	-1.156	4.634	7.738
3670145587	-1.172	4.637	7.842
3670145592	-1.194	4.656	7.945
3670145597	-1.211	4.687	8.048
3670145602	-1.227	4.72	8.174
3670145607	-1.234	4.743	8.299
3670145612	-1.228	4.748	8.456
3670145617	-1.211	4.743	8.608
3670145622	-1.184	4.723	8.706
3670145627	-1.128	4.671	8.738
3670145632	-1.047	4.612	8.725
3670145637	-0.943	4.542	8.661
3670145642	-0.812	4.466	8.583
3670145647	-0.662	4.389	8.508
3670145652	-0.508	4.328	8.435
3670145657	-0.357	4.285	8.37
3670145662	-0.22	4.265	8.301
3670145667	-0.104	4.261	8.214
3670145672	-0.016	4.283	8.128
3670145677	0.033	4.305	8.054
3670145682	0.062	4.302	7.985
3670145687	0.081	4.261	7.917
3670145692	0.076	4.19	7.864
3670145697	0.059	4.098	7.825
3670145702	0.038	3.996	7.786
3670145707	-0.006	3.912	7.739
3670145712	-0.084	3.847	7.686
3670145717	-0.173	3.798	7.636
3670145722	-0.268	3.746	7.577
3670145727	-0.367	3.701	7.52
3670145732	-0.452	3.647	7.475
3670145737	-0.538	3.595	7.434
3670145742	-0.631	3.544	7.365
3670145747	-0.735	3.502	7.284
3670145752	-0.856	3.469	7.213
3670145757	-0.994	3.436	7.139
3670145762	-1.104	3.364	7.068
3670145767	-1.195	3.284	7.048
3670145772	-1.275	3.214	7.052
3670145777	-1.324	3.15	7.062
3670145782	-1.342	3.092	7.097
3670145787	-1.355	3.082	7.183
3670145793	-1.334	3.1	7.304
3670145798	-1.269	3.108	7.475
3670145803	-1.189	3.113	7.726
3670145808	-1.096	3.139	8.078
3670145813	-0.985	3.178	8.503
3670145818	-0.891	3.213	8.933
3670145823	-0.812	3.25	9.327
3670145828	-0.73	3.272	9.611
3670145833	-0.636	3.266	9.75
3670145838	-0.525	3.223	9.733
3670145843	-0.385	3.127	9.612
3670145848	-0.245	3.002	9.427
3670145853	-0.128	2.875	9.205
3670145858	-0.063	2.759	8.952
3670145863	-0.075	2.701	8.71
3670145868	-0.157	2.725	8.477
3670145873	-0.292	2.833	8.277
3670145878	-0.473	3.011	8.136
3670145883	-0.69	3.254	8.046
3670145888	-0.918	3.525	7.988
3670145893	-1.16	3.807	7.977
3670145898	-1.393	4.063	8.002
3670145903	-1.583	4.273	8.069
3670145908	-1.709	4.406	8.167
3670145913	-1.769	4.451	8.269
3670145918	-1.763	4.409	8.356
3670145923	-1.692	4.311	8.392
3670145928	-1.583	4.187	8.356
3670145933	-1.453	4.052	8.27
3670145938	-1.327	3.933	8.176
3670145943	-1.212	3.85	8.127
3670145948	-1.112	3.796	8.167
3670145953	-1.04	3.764	8.296
3670145958	-1.003	3.762	8.493
3670145963	-0.981	3.757	8.744
3670145968	-0.96	3.73	8.992
3670145973	-0.957	3.674	9.209
3670145978	-0.964	3.574	9.394
3670145983	-0.955	3.438	9.557
3670145988	-0.953	3.295	9.68
3670145993	-0.976	3.161	9.763
3670145998	-1.004	3.054	9.82
3670146003	-1.044	2.991	9.865
3670146008	-1.109	2.981	9.902
3670146013	-1.183	3.029	9.942
3670146018	-1.253	3.123	9.989
3670146023	-1.315	3.239	10.031
3670146028	-1.368	3.354	10.08
3670146033	-1.403	3.447	10.125
3670146038	-1.41	3.492	10.143
3670146043	-1.385	3.489	10.133
3670146048	-1.347	3.454	10.109
3670146053	-1.295	3.408	10.058
3670146058	-1.234	3.355	9.988
3670146063	-1.185	3.314	9.922
3670146068	-1.157	3.293	9.874
3670146073	-1.132	3.279	9.848
3670146078	-1.105	3.27	9.838
3670146083	-1.085	3.265	9.839
3670146088	-1.063	3.246	9.852
3670146093	-1.042	3.213	9.869
3670146098	-1.027	3.17	9.88
3670146103	-1.026	3.119	9.886
3670146108	-1.051	3.066	9.883
3670146113	-1.098	3.028	9.866
3670146118	-1.162	2.992	9.83
3670146123	-1.237	2.972	9.757
3670146128	-1.317	2.959	9.658
3670146133	-1.379	2.937	9.541
3670146138	-1.416	2.906	9.415
3670146143	-1.433	2.878	9.296
3670146148	-1.432	2.846	9.194
3670146153	-1.434	2.821	9.098
3670146158	-1.44	2.823	9.003
3670146163	-1.465	2.842	8.9
3670146168	-1.505	2.87	8.779
3670146173	-1.56	2.901	8.642
3670146178	-1.61	2.925	8.512
3670146183	-1.661	2.933	8.406
3670146188	-1.715	2.936	8.332
3670146193	-1.77	2.936	8.284
3670146198	-1.832	2.943	8.267
3670146203	-1.893	2.964	8.26
3670146208	-1.939	2.98	8.252
3670146213	-1.969	2.982	8.246
3670146218	-1.983	2.989	8.247
3670146223	-1.98	2.993	8.254
3670146228	-1.979	2.983	8.275
3670146233	-1.981	2.987	8.29
3670146238	-2.0	3.011	8.296
3670146244	-2.022	3.038	8.289
3670146249	-2.062	3.074	8.295
3670146254	-2.112	3.131	8.31
3670146259	-2.178	3.189	8.368
3670146264	-2.241	3.245	8.463
3670146269	-2.309	3.293	8.609
3670146274	-2.365	3.328	8.782
3670146279	-2.396	3.343	8.978
3670146284	-2.401	3.354	9.184
3670146289	-2.388	3.353	9.391
3670146294	-2.349	3.348	9.599
3670146299	-2.288	3.338	9.815
3670146304	-2.215	3.33	10.042
3670146309	-2.129	3.327	10.281
3670146314	-2.026	3.336	10.553
3670146319	-1.915	3.343	10.844
3670146324	-1.799	3.356	11.144
3670146329	-1.676	3.37	11.443
3670146334	-1.543	3.383	11.728
3670146339	-1.401	3.394	11.983
3670146344	-1.249	3.405	12.209
3670146349	-1.083	3.414	12.398
3670146354	-0.912	3.419	12.554
3670146359	-0.744	3.421	12.667
3670146364	-0.574	3.413	12.741
3670146369	-0.404	3.402	12.786
3670146374	-0.268	3.398	12.783
3670146379	-0.169	3.402	12.738
3670146384	-0.095	3.414	12.678
3670146389	-0.042	3.427	12.605
3670146394	-0.01	3.431	12.506
3670146399	0.031	3.404	12.402
3670146404	0.087	3.337	12.286
3670146409	0.148	3.229	12.15
3670146414	0.202	3.105	11.968
3670146419	0.24	2.979	11.749
3670146424	0.252	2.867	11.499
3670146429	0.232	2.789	11.219
3670146434	0.167	2.732	10.918
3670146439	0.068	2.683	10.614
3670146444	-0.051	2.632	10.317
3670146449	-0.173	2.58	10.018
3670146454	-0.302	2.523	9.73
3670146459	-0.413	2.47	9.446
3670146464	-0.507	2.424	9.168
3670146469	-0.59	2.392	8.892
3670146474	-0.666	2.359	8.623
3670146479	-0.718	2.323	8.366
3670146484	-0.754	2.282	8.121
3670146489	-0.784	2.235	7.903
3670146494	-0.807	2.186	7.7
3670146499	-0.819	2.151	7.525
3670146504	-0.827	2.125	7.372
3670146509	-0.836	2.106	7.227
3670146514	-0.846	2.104	7.089
3670146519	-0.856	2.107	6.962
3670146524	-0.87	2.118	6.827
3670146529	-0.885	2.13	6.684
3670146534	-0.904	2.135	6.545
3670146539	-0.918	2.123	6.398
3670146544	-0.939	2.109	6.236
3670146549	-0.96	2.09	6.082
3670146554	-0.975	2.07	5.939
3670146559	-0.984	2.066	5.806
3670146564	-0.988	2.088	5.694
3670146569	-0.989	2.122	5.603
3670146574	-0.984	2.172	5.53
3670146579	-0.982	2.239	5.479
3670146584	-0.969	2.312	5.459
3670146589	-0.952	2.397	5.467
3670146594	-0.919	2.502	5.524
3670146599	-0.875	2.62	5.627
3670146604	-0.819	2.752	5.775
3670146609	-0.771	2.887	5.952
3670146614	-0.738	3.015	6.142
3670146619	-0.731	3.125	6.336
3670146624	-0.744	3.225	6.485
3670146629	-0.791	3.291	6.603
3670146634	-0.913	3.359	6.766
3670146639	-1.099	3.433	6.94
3670146644	-1.331	3.496	7.092
3670146649	-1.604	3.55	7.289
3670146654	-1.902	3.592	7.51
3670146659	-2.177	3.59	7.697
3670146664	-2.412	3.542	7.919
3670146669	-2.61	3.474	8.182
3670146674	-2.795	3.38	8.456
3670146679	-2.963	3.285	8.746
3670146684	-3.12	3.212	9.042
3670146690	-3.275	3.156	9.327
3670146695	-3.436	3.118	9.608
3670146700	-3.592	3.1	9.896
3670146705	-3.747	3.097	10.186
3670146710	-3.887	3.093	10.46
3670146715	-4.015	3.088	10.71
3670146720	-4.142	3.076	10.938
3670146725	-4.261	3.056	11.131
3670146730	-4.362	3.014	11.277
3670146735	-4.46	2.961	11.391
3670146740	-4.549	2.897	11.473
3670146745	-4.617	2.822	11.505
3670146750	-4.664	2.733	11.492
3670146755	-4.703	2.647	11.427
3670146760	-4.732	2.559	11.313
3670146765	-4.763	2.488	11.136
3670146770	-4.798	2.43	10.915
3670146775	-4.848	2.393	10.661
3670146780	-4.914	2.379	10.391
3670146785	-4.985	2.373	10.108
3670146790	-5.046	2.364	9.845
3670146795	-5.095	2.367	9.609
3670146800	-5.115	2.37	9.392
3670146805	-5.103	2.385	9.186
3670146810	-5.058	2.42	9.002
3670146815	-4.981	2.473	8.834
3670146820	-4.87	2.549	8.679
3670146825	-4.736	2.652	8.541
3670146830	-4.581	2.762	8.433
3670146835	-4.401	2.879	8.34
3670146840	-4.2	3.002	8.259
3670146845	-3.986	3.119	8.192
3670146850	-3.75	3.219	8.143
3670146855	-3.501	3.302	8.116
3670146860	-3.252	3.373	8.108
3670146865	-3.013	3.436	8.112
3670146870	-2.787	3.484	8.115
3670146875	-2.602	3.528	8.136
3670146880	-2.456	3.561	8.152
3670146885	-2.348	3.574	8.167
3670146890	-2.271	3.567	8.177
3670146895	-2.228	3.549	8.202
3670146900	-2.195	3.51	8.216
3670146905	-2.162	3.459	8.228
3670146910	-2.14	3.399	8.241
3670146915	-2.129	3.334	8.258
3670146920	-2.129	3.261	8.263
3670146925	-2.152	3.191	8.256
3670146930	-2.197	3.124	8.257
3670146935	-2.263	3.055	8.274
3670146940	-2.355	2.993	8.312
3670146945	-2.46	2.932	8.373
3670146950	-2.581	2.87	8.452
3670146955	-2.706	2.813	8.527
3670146960	-2.818	2.767	8.586
3670146965	-2.914	2.711	8.642
3670146970	-3.005	2.655	8.682
3670146975	-3.069	2.585	8.717
3670146980	-3.117	2.511	8.753
3670146985	-3.141	2.444	8.777
3670146990	-3.153	2.392	8.781
3670146995	-3.164	2.356	8.782
3670147000	-3.193	2.347	8.78
3670147005	-3.23	2.347	8.788
3670147010	-3.287	2.36	8.81
3670147015	-3.341	2.384	8.846
3670147020	-3.37	2.403	8.886
3670147025	-3.368	2.412	8.916
3670147030	-3.334	2.428	8.914
3670147035	-3.263	2.45	8.882
3670147040	-3.169	2.478	8.821
3670147045	-3.059	2.517	8.742
3670147050	-2.938	2.56	8.662
3670147055	-2.82	2.608	8.603
3670147060	-2.715	2.649	8.567
3670147065	-2.627	2.678	8.549
3670147070	-2.552	2.693	8.543
3670147075	-2.458	2.667	8.512
3670147080	-2.363	2.635	8.527
3670147085	-2.313	2.614	8.58
3670147090	-2.31	2.612	8.669
3670147095	-2.341	2.627	8.786
3670147100	-2.417	2.679	8.937
3670147105	-2.519	2.72	9.033
3670147110	-2.591	2.731	9.078
3670147115	-2.622	2.71	9.09
3670147120	-2.636	2.68	9.081
3670147125	-2.654	2.655	9.059
3670147130	-2.671	2.635	9.03
3670147136	-2.687	2.624	9.002
3670147141	-2.712	2.628	8.963
3670147146	-2.745	2.637	8.911
3670147151	-2.768	2.642	8.861
3670147156	-2.794	2.654	8.812
3670147161	-2.825	2.68	8.758
3670147166	-2.861	2.717	8.694
3670147171	-2.902	2.765	8.622
3670147176	-2.959	2.833	8.543
3670147181	-3.021	2.896	8.457
3670147186	-3.073	2.934	8.371
3670147191	-3.112	2.944	8.29
3670147196	-3.14	2.928	8.215
3670147201	-3.151	2.886	8.131
3670147206	-3.156	2.851	8.055
3670147211	-3.172	2.828	7.974
3670147216	-3.204	2.817	7.894
3670147221	-3.244	2.819	7.815
3670147226	-3.293	2.828	7.757
3670147231	-3.359	2.826	7.71
3670147236	-3.434	2.825	7.682
3670147241	-3.509	2.808	7.676
3670147246	-3.593	2.776	7.692
3670147251	-3.687	2.748	7.731
3670147256	-3.777	2.723	7.806
3670147261	-3.875	2.704	7.896
3670147266	-3.97	2.693	8.0
3670147271	-4.061	2.688	8.113
3670147276	-4.148	2.671	8.224
3670147281	-4.221	2.637	8.324
3670147286	-4.278	2.578	8.43
3670147291	-4.332	2.518	8.54
3670147296	-4.386	2.458	8.652
3670147301	-4.434	2.411	8.779
3670147306	-4.478	2.382	8.911
3670147311	-4.526	2.365	9.036
3670147316	-4.571	2.349	9.147
3670147321	-4.614	2.338	9.248
3670147326	-4.666	2.309	9.331
3670147331	-4.728	2.264	9.398
3670147336	-4.798	2.22	9.461
3670147341	-4.883	2.173	9.524
3670147346	-4.966	2.116	9.587
3670147351	-5.04	2.072	9.647
3670147356	-5.115	2.051	9.689
3670147361	-5.178	2.038	9.714
3670147366	-5.206	2.038	9.713
3670147371	-5.211	2.048	9.695
3670147376	-5.188	2.059	9.647
3670147381	-5.134	2.076	9.592
3670147386	-5.058	2.1	9.534
3670147391	-4.979	2.127	9.493
3670147396	-4.901	2.161	9.463
3670147401	-4.829	2.213	9.458
3670147406	-4.753	2.27	9.473
3670147411	-4.674	2.332	9.499
3670147416	-4.588	2.406	9.523
3670147421	-4.479	2.479	9.541
3670147426	-4.359	2.551	9.548
3670147431	-4.239	2.609	9.549
3670147436	-4.115	2.666	9.544
3670147441	-3.985	2.717	9.536
3670147446	-3.867	2.779	9.529
3670147451	-3.749	2.838	9.539
3670147456	-3.621	2.904	9.564
3670147461	-3.478	2.973	9.591
3670147466	-3.326	3.034	9.627
3670147471	-3.172	3.08	9.66
3670147476	-3.017	3.115	9.671
3670147481	-2.872	3.141	9.666
3670147486	-2.754	3.154	9.663
3670147491	-2.665	3.156	9.655
3670147496	-2.591	3.154	9.63
3670147501	-2.543	3.137	9.599
3670147506	-2.514	3.114	9.557
3670147511	-2.489	3.087	9.491
3670147516	-2.473	3.058	9.404
3670147521	-2.477	3.015	9.324
3670147526	-2.478	2.968	9.231
3670147531	-2.477	2.912	9.126
3670147536	-2.488	2.848	9.027
3670147541	-2.495	2.789	8.934
3670147546	-2.503	2.737	8.827
3670147551	-2.51	2.698	8.73
3670147556	-2.527	2.659	8.635
3670147561	-2.55	2.623	8.54
3670147566	-2.582	2.579	8.442
3670147571	-2.623	2.532	8.346
3670147576	-2.681	2.479	8.248
3670147582	-2.755	2.429	8.161
3670147587	-2.846	2.379	8.077
3670147592	-2.958	2.331	7.994
3670147597	-3.078	2.29	7.929
3670147602	-3.206	2.251	7.879
3670147607	-3.337	2.218	7.835
3670147612	-3.458	2.185	7.798
3670147617	-3.582	2.158	7.782
3670147622	-3.707	2.126	7.795
3670147627	-3.829	2.097	7.829
3670147632	-3.948	2.06	7.886
3670147637	-4.068	2.026	7.969
3670147642	-4.174	1.987	8.055
3670147647	-4.265	1.95	8.131
3670147652	-4.353	1.918	8.212
3670147657	-4.44	1.895	8.31
3670147662	-4.528	1.886	8.417
3670147667	-4.618	1.889	8.541
3670147672	-4.706	1.89	8.685
3670147677	-4.762	1.895	8.836
3670147682	-4.781	1.893	8.976
3670147687	-4.76	1.875	9.109
3670147692	-4.702	1.848	9.236
3670147697	-4.615	1.831	9.339
3670147702	-4.532	1.814	9.431
3670147707	-4.457	1.808	9.518
3670147712	-4.411	1.813	9.587
3670147717	-4.377	1.824	9.647
3670147722	-4.345	1.83	9.693
3670147727	-4.305	1.824	9.718
3670147732	-4.255	1.804	9.713
3670147737	-4.182	1.777	9.695
3670147742	-4.108	1.748	9.653
3670147747	-4.037	1.727	9.59
3670147752	-3.976	1.721	9.525
3670147757	-3.926	1.733	9.454
3670147762	-3.886	1.752	9.384
3670147767	-3.835	1.778	9.309
3670147772	-3.783	1.802	9.24
3670147777	-3.736	1.828	9.165
3670147782	-3.686	1.855	9.095
3670147787	-3.629	1.891	9.018
3670147792	-3.569	1.93	8.94
3670147797	-3.503	1.961	8.862
3670147802	-3.429	1.988	8.796
3670147807	-3.352	2.016	8.734
3670147812	-3.278	2.042	8.682
3670147817	-3.206	2.067	8.647
3670147822	-3.138	2.096	8.617
3670147827	-3.062	2.126	8.584
3670147832	-2.972	2.145	8.549
3670147837	-2.875	2.168	8.514
3670147842	-2.774	2.188	8.476
3670147847	-2.666	2.211	8.447
3670147852	-2.566	2.242	8.414
3670147857	-2.477	2.279	8.379
3670147862	-2.393	2.306	8.344
3670147867	-2.324	2.342	8.3
3670147872	-2.269	2.374	8.249
3670147877	-2.224	2.391	8.207
3670147882	-2.193	2.401	8.183
3670147887	-2.177	2.406	8.165
3670147892	-2.173	2.404	8.159
3670147897	-2.178	2.396	8.169
3670147902	-2.189	2.385	8.18
3670147907	-2.203	2.373	8.192
3670147912	-2.213	2.357	8.219
3670147917	-2.225	2.325	8.267
3670147922	-2.246	2.282	8.335
3670147927	-2.268	2.238	8.434
3670147932	-2.288	2.184	8.549
3670147937	-2.311	2.12	8.679
3670147942	-2.334	2.057	8.803
3670147947	-2.345	1.995	8.912
3670147952	-2.344	1.921	9.005
3670147957	-2.344	1.85	9.09
3670147962	-2.336	1.78	9.158
3670147967	-2.325	1.711	9.227
3670147972	-2.31	1.654	9.294
3670147977	-2.294	1.62	9.347
3670147982	-2.275	1.598	9.383
3670147987	-2.252	1.597	9.412
3670147992	-2.209	1.606	9.417
3670147997	-2.157	1.617	9.412
3670148002	-2.103	1.624	9.411
3670148007	-2.047	1.634	9.404
3670148012	-1.992	1.641	9.388
3670148017	-1.944	1.658	9.368
3670148022	-1.905	1.685	9.346
3670148028	-1.86	1.725	9.309
3670148033	-1.802	1.77	9.272
3670148038	-1.734	1.82	9.228
3670148043	-1.651	1.873	9.184
3670148048	-1.553	1.928	9.136
3670148053	-1.445	1.984	9.077
3670148058	-1.341	2.048	9.01
3670148063	-1.233	2.115	8.948
3670148068	-1.134	2.184	8.88
3670148073	-1.045	2.244	8.814
3670148078	-0.972	2.302	8.769
3670148083	-0.906	2.359	8.74
3670148088	-0.854	2.417	8.716
3670148093	-0.822	2.48	8.705
3670148098	-0.81	2.546	8.705
3670148103	-0.814	2.614	8.707
3670148108	-0.842	2.671	8.723
3670148113	-0.893	2.71	8.758
3670148118	-0.962	2.728	8.815
3670148123	-1.038	2.738	8.884
3670148128	-1.123	2.738	8.968
3670148133	-1.208	2.73	9.055
3670148138	-1.294	2.718	9.134
3670148143	-1.358	2.709	9.211
3670148148	-1.416	2.692	9.286
3670148153	-1.463	2.667	9.35
3670148158	-1.501	2.643	9.396
3670148163	-1.526	2.62	9.437
3670148168	-1.551	2.594	9.458
3670148173	-1.575	2.575	9.465
3670148178	-1.606	2.562	9.458
3670148183	-1.651	2.548	9.437
3670148188	-1.696	2.538	9.406
3670148193	-1.74	2.522	9.367
3670148198	-1.78	2.496	9.302
3670148203	-1.802	2.467	9.226
3670148208	-1.806	2.444	9.136
3670148213	-1.806	2.422	9.032
3670148218	-1.807	2.414	8.922
3670148223	-1.803	2.421	8.823
3670148228	-1.803	2.427	8.733
3670148233	-1.795	2.438	8.66
3670148238	-1.782	2.448	8.598
3670148243	-1.755	2.45	8.537
3670148248	-1.727	2.452	8.482
3670148253	-1.697	2.454	8.436
3670148258	-1.664	2.441	8.398
3670148263	-1.627	2.43	8.37
3670148268	-1.608	2.413	8.358
3670148273	-1.598	2.384	8.363
3670148278	-1.588	2.347	8.381
3670148283	-1.591	2.298	8.425
3670148288	-1.606	2.242	8.489
3670148293	-1.622	2.185	8.576
3670148298	-1.638	2.129	8.672
3670148303	-1.666	2.078	8.779
3670148308	-1.685	2.042	8.883
3670148313	-1.704	2.0	8.978
3670148318	-1.717	1.959	9.071
3670148323	-1.73	1.921	9.162
3670148328	-1.733	1.887	9.246
3670148333	-1.736	1.855	9.315
3670148338	-1.736	1.831	9.374
3670148343	-1.737	1.816	9.418
3670148348	-1.736	1.821	9.442
3670148353	-1.744	1.844	9.443
3670148358	-1.757	1.882	9.429
3670148363	-1.779	1.932	9.407
3670148368	-1.808	1.987	9.378
3670148373	-1.831	2.04	9.343
3670148378	-1.851	2.096	9.309
3670148383	-1.876	2.153	9.274
3670148388	-1.897	2.218	9.231
3670148393	-1.907	2.281	9.178
3670148398	-1.919	2.342	9.129
3670148403	-1.93	2.394	9.098
3670148408	-1.942	2.445	9.099
3670148413	-1.959	2.488	9.139
3670148418	-1.987	2.519	9.221
3670148423	-2.036	2.545	9.35
3670148428	-2.091	2.565	9.521
3670148433	-2.143	2.566	9.71
3670148438	-2.174	2.555	9.91
3670148443	-2.178	2.546	10.108
3670148448	-2.15	2.525	10.294
3670148453	-2.083	2.491	10.452
3670148458	-1.988	2.463	10.604
3670148463	-1.876	2.445	10.752
3670148468	-1.756	2.441	10.897
3670148474	-1.636	2.46	11.028
3670148479	-1.527	2.5	11.136
3670148484	-1.418	2.539	11.213
3670148489	-1.317	2.572	11.261
3670148494	-1.222	2.595	11.287
3670148499	-1.125	2.608	11.282
3670148504	-1.033	2.611	11.25
3670148509	-0.961	2.622	11.194
3670148514	-0.907	2.647	11.117
3670148519	-0.87	2.68	11.018
3670148524	-0.865	2.704	10.92
3670148529	-0.887	2.728	10.842
3670148534	-0.924	2.751	10.781
3670148539	-0.981	2.761	10.729
3670148544	-1.054	2.755	10.678
3670148549	-1.121	2.739	10.617
3670148554	-1.19	2.701	10.538
3670148559	-1.258	2.645	10.432
3670148564	-1.322	2.574	10.309
3670148569	-1.385	2.491	10.172
3670148574	-1.442	2.416	10.031
3670148579	-1.495	2.357	9.889
3670148584	-1.552	2.304	9.767
3670148589	-1.614	2.272	9.664
3670148594	-1.677	2.261	9.574
3670148599	-1.753	2.258	9.497
3670148604	-1.824	2.267	9.422
3670148609	-1.899	2.29	9.345
3670148614	-1.976	2.316	9.273
3670148619	-2.055	2.352	9.22
3670148624	-2.126	2.399	9.184
3670148629	-2.195	2.451	9.172
3670148634	-2.251	2.489	9.198
3670148639	-2.287	2.521	9.259
3670148644	-2.3	2.532	9.356
3670148649	-2.292	2.519	9.492
3670148654	-2.263	2.483	9.652
3670148659	-2.225	2.434	9.82
3670148664	-2.175	2.368	9.982
3670148669	-2.117	2.298	10.122
3670148674	-2.075	2.241	10.242
3670148679	-2.045	2.185	10.346
3670148684	-2.02	2.134	10.416
3670148689	-2.009	2.083	10.447
3670148694	-2.012	2.02	10.443
3670148699	-2.016	1.941	10.384
3670148704	-2.032	1.855	10.258
3670148709	-2.064	1.785	10.093
3670148714	-2.117	1.735	9.887
3670148719	-2.18	1.73	9.648
3670148724	-2.247	1.747	9.389
3670148729	-2.308	1.789	9.13
3670148734	-2.355	1.847	8.871
3670148739	-2.383	1.913	8.639
3670148744	-2.391	1.977	8.438
3670148749	-2.37	2.046	8.285
3670148754	-2.334	2.137	8.185
3670148759	-2.286	2.253	8.135
3670148764	-2.222	2.396	8.141
3670148769	-2.122	2.55	8.202
3670148774	-1.988	2.718	8.312
3670148779	-1.82	2.876	8.47
3670148784	-1.611	3.04	8.718
3670148789	-1.409	3.194	9.043
3670148794	-1.261	3.315	9.402
3670148799	-1.187	3.437	9.846
3670148804	-1.168	3.529	10.254
3670148809	-1.195	3.528	10.571
3670148814	-1.208	3.423	10.83
3670148819	-1.218	3.257	10.995
3670148824	-1.228	2.994	10.925
3670148829	-1.282	2.692	10.716
3670148834	-1.422	2.451	10.468
3670148839	-1.67	2.26	10.069
3670148844	-1.93	2.032	9.592
3670148849	-2.162	1.8	9.142
3670148854	-2.334	1.535	8.691
3670148859	-2.384	1.205	8.253
3670148864	-2.311	0.882	7.946
3670148869	-2.224	0.681	7.723
3670148874	-2.216	0.698	7.592
3670148879	-2.346	0.993	7.531
3670148884	-2.64	1.507	7.423
3670148889	-3.033	2.119	7.257
3670148894	-3.493	2.725	7.075
3670148899	-3.9	3.193	6.873
3670148904	-4.163	3.462	6.703
3670148909	-4.319	3.566	6.591
3670148914	-4.42	3.625	6.53
3670148920	-4.477	3.715	6.539
3670148925	-4.573	3.859	6.674
3670148930	-4.722	3.998	6.933
3670148935	-4.92	4.185	7.249
3670148940	-5.172	4.384	7.573
3670148945	-5.382	4.502	7.886
3670148950	-5.475	4.486	8.064
3670148955	-5.471	4.389	8.108
3670148960	-5.346	4.183	8.053
3670148965	-5.09	3.881	7.963
3670148970	-4.777	3.603	7.871
3670148975	-4.434	3.444	7.855
3670148980	-4.056	3.428	7.903
3670148985	-3.704	3.521	7.992
3670148990	-3.407	3.715	8.087
3670148995	-3.166	3.965	8.143
3670149000	-2.991	4.206	8.128
3670149005	-2.899	4.404	8.071
3670149010	-2.83	4.536	8.009
3670149015	-2.764	4.589	7.983
3670149020	-2.701	4.578	8.019
3670149025	-2.667	4.546	8.097
3670149030	-2.661	4.542	8.214
3670149035	-2.675	4.607	8.357
3670149040	-2.735	4.746	8.47
3670149045	-2.85	4.931	8.514
3670149050	-2.983	5.106	8.504
3670149055	-3.103	5.232	8.439
3670149060	-3.195	5.28	8.336
3670149065	-3.243	5.251	8.223
3670149070	-3.244	5.179	8.104
3670149075	-3.199	5.095	7.971
3670149080	-3.123	5.027	7.841
3670149085	-3.03	4.997	7.713
3670149090	-2.915	5.012	7.573
3670149095	-2.773	5.062	7.436
3670149100	-2.603	5.138	7.314
3670149105	-2.422	5.224	7.19
3670149110	-2.23	5.308	7.032
3670149115	-2.038	5.383	6.847
3670149120	-1.854	5.457	6.628
3670149125	-1.709	5.52	6.373
3670149130	-1.605	5.587	6.1
3670149135	-1.556	5.664	5.853
3670149140	-1.558	5.772	5.645
3670149145	-1.628	5.915	5.486
3670149150	-1.753	6.075	5.382
3670149155	-1.921	6.243	5.342
3670149160	-2.121	6.412	5.345
3670149165	-2.331	6.556	5.365
3670149170	-2.527	6.653	5.403
3670149175	-2.693	6.726	5.46
3670149180	-2.823	6.778	5.503
3670149185	-2.915	6.791	5.512
3670149190	-2.962	6.777	5.501
3670149195	-2.975	6.742	5.48
3670149200	-2.951	6.698	5.459
3670149205	-2.886	6.643	5.477
3670149210	-2.773	6.597	5.541
3670149215	-2.64	6.57	5.654
3670149220	-2.492	6.582	5.807
3670149225	-2.349	6.63	5.974
3670149230	-2.222	6.705	6.134
3670149235	-2.124	6.811	6.283
3670149240	-2.051	6.919	6.412
3670149245	-1.994	7.007	6.519
3670149250	-1.943	7.065	6.601
3670149255	-1.9	7.1	6.642
3670149260	-1.854	7.104	6.658
3670149265	-1.815	7.091	6.647
3670149270	-1.783	7.077	6.613
3670149275	-1.762	7.054	6.581
3670149280	-1.752	7.024	6.581
3670149285	-1.749	7.004	6.627
3670149290	-1.753	6.985	6.711
3670149295	-1.769	6.958	6.805
3670149300	-1.783	6.936	6.9
3670149305	-1.799	6.91	6.984
3670149310	-1.817	6.868	7.028
3670149315	-1.82	6.809	7.055
3670149320	-1.79	6.753	7.093
3670149325	-1.741	6.692	7.142
3670149330	-1.674	6.635	7.186
3670149335	-1.595	6.587	7.239
3670149340	-1.513	6.548	7.283
3670149345	-1.448	6.508	7.296
3670149350	-1.395	6.471	7.286
3670149355	-1.363	6.431	7.251
3670149360	-1.361	6.389	7.195
3670149365	-1.403	6.352	7.133
3670149371	-1.467	6.317	7.082
3670149376	-1.558	6.29	7.04
3670149381	-1.666	6.277	7.013
3670149386	-1.774	6.276	6.984
3670149391	-1.863	6.275	6.935
3670149396	-1.949	6.271	6.858
3670149401	-2.026	6.26	6.751
3670149406	-2.09	6.238	6.625
3670149411	-2.145	6.217	6.492
3670149416	-2.195	6.198	6.363
3670149421	-2.235	6.188	6.245
3670149426	-2.265	6.182	6.143
3670149431	-2.296	6.19	6.062
3670149436	-2.332	6.194	6.0
3670149441	-2.372	6.208	5.959
3670149446	-2.427	6.212	5.936
3670149451	-2.483	6.22	5.936
3670149456	-2.537	6.218	5.948
3670149461	-2.59	6.229	5.995
3670149466	-2.64	6.253	6.107
3670149471	-2.678	6.288	6.295
3670149476	-2.719	6.331	6.531
3670149481	-2.744	6.372	6.801
3670149486	-2.748	6.385	7.097
3670149491	-2.718	6.368	7.392
3670149496	-2.659	6.34	7.68
3670149501	-2.57	6.305	7.993
3670149506	-2.474	6.275	8.35
3670149511	-2.369	6.257	8.705
3670149516	-2.265	6.236	9.03
3670149521	-2.17	6.198	9.319
3670149526	-2.086	6.143	9.544
3670149531	-2.007	6.071	9.701
3670149536	-1.949	5.991	9.807
3670149541	-1.913	5.913	9.877
3670149546	-1.888	5.852	9.909
3670149551	-1.865	5.8	9.903
3670149556	-1.845	5.755	9.851
3670149561	-1.813	5.717	9.739
3670149566	-1.762	5.684	9.568
3670149571	-1.697	5.648	9.318
3670149576	-1.616	5.616	9.0
3670149581	-1.527	5.59	8.629
3670149586	-1.436	5.571	8.232
3670149591	-1.364	5.565	7.829
3670149596	-1.308	5.576	7.46
3670149601	-1.279	5.607	7.116
3670149606	-1.263	5.647	6.8
3670149611	-1.256	5.69	6.521
3670149616	-1.248	5.733	6.257
3670149621	-1.246	5.763	6.0
3670149626	-1.248	5.782	5.758
3670149631	-1.264	5.807	5.523
3670149636	-1.296	5.835	5.29
3670149641	-1.341	5.868	5.079
3670149646	-1.396	5.913	4.886
3670149651	-1.452	5.957	4.714
3670149656	-1.508	6.0	4.565
3670149661	-1.563	6.041	4.436
3670149666	-1.611	6.084	4.323
3670149671	-1.647	6.122	4.233
3670149676	-1.682	6.165	4.177
3670149681	-1.718	6.211	4.152
3670149686	-1.754	6.263	4.149
3670149691	-1.8	6.312	4.171
3670149696	-1.858	6.36	4.218
3670149701	-1.925	6.393	4.282
3670149706	-2.009	6.407	4.36
3670149711	-2.109	6.414	4.479
3670149716	-2.218	6.423	4.629
3670149721	-2.334	6.432	4.804
3670149726	-2.446	6.448	4.992
3670149731	-2.537	6.472	5.187
3670149736	-2.61	6.488	5.383
3670149741	-2.661	6.5	5.573
3670149746	-2.693	6.501	5.747
3670149751	-2.712	6.494	5.917
3670149756	-2.729	6.488	6.082
3670149761	-2.743	6.478	6.242
3670149766	-2.755	6.456	6.387
3670149771	-2.781	6.437	6.539
3670149776	-2.823	6.42	6.678
3670149781	-2.858	6.394	6.801
3670149786	-2.88	6.365	6.923
3670149791	-2.91	6.336	7.059
3670149796	-2.932	6.307	7.194
3670149801	-2.933	6.276	7.332
3670149806	-2.93	6.227	7.47
3670149811	-2.925	6.173	7.597
3670149817	-2.91	6.105	7.701
3670149822	-2.886	6.016	7.781
3670149827	-2.866	5.913	7.853
3670149832	-2.845	5.821	7.929
3670149837	-2.841	5.731	7.992
3670149842	-2.831	5.63	8.018
3670149847	-2.835	5.578	8.067
3670149852	-2.864	5.579	8.136
3670149857	-2.909	5.612	8.198
3670149862	-2.948	5.671	8.279
3670149867	-2.99	5.746	8.395
3670149872	-3.018	5.773	8.5
3670149877	-3.007	5.741	8.564
3670149882	-2.976	5.672	8.618
3670149887	-2.948	5.566	8.633
3670149892	-2.933	5.454	8.606
3670149897	-2.954	5.371	8.533
3670149902	-3.032	5.331	8.447
3670149907	-3.156	5.325	8.348
3670149912	-3.317	5.368	8.242
3670149917	-3.489	5.448	8.127
3670149922	-3.636	5.523	8.003
3670149927	-3.74	5.57	7.854
3670149932	-3.791	5.584	7.674
3670149937	-3.793	5.555	7.471
3670149942	-3.772	5.495	7.262
3670149947	-3.746	5.437	7.051
3670149952	-3.733	5.393	6.863
3670149957	-3.738	5.373	6.699
3670149962	-3.769	5.374	6.563
3670149967	-3.818	5.396	6.473
3670149972	-3.877	5.414	6.413
3670149977	-3.933	5.416	6.386
3670149982	-3.988	5.398	6.386
3670149987	-4.028	5.364	6.41
3670149992	-4.057	5.318	6.436
3670149997	-4.086	5.26	6.485
3670150002	-4.116	5.213	6.544
3670150007	-4.157	5.174	6.611
3670150012	-4.211	5.145	6.691
3670150017	-4.271	5.126	6.789
3670150022	-4.334	5.11	6.888
3670150027	-4.398	5.084	6.992
3670150032	-4.454	5.051	7.094
3670150037	-4.512	5.003	7.202
3670150042	-4.56	4.946	7.304
3670150047	-4.599	4.892	7.4
3670150052	-4.626	4.843	7.494
3670150057	-4.645	4.802	7.598
3670150062	-4.641	4.777	7.701
3670150067	-4.623	4.756	7.814
3670150072	-4.581	4.737	7.922
3670150077	-4.521	4.723	8.018
3670150082	-4.437	4.717	8.106
3670150087	-4.341	4.713	8.192
3670150092	-4.229	4.714	8.261
3670150097	-4.119	4.723	8.334
3670150102	-4.015	4.731	8.402
3670150107	-3.92	4.738	8.461
3670150112	-3.84	4.739	8.503
3670150117	-3.786	4.744	8.532
3670150122	-3.745	4.749	8.547
3670150127	-3.724	4.752	8.55
3670150132	-3.721	4.749	8.52
3670150137	-3.735	4.744	8.477
3670150142	-3.762	4.739	8.431
3670150147	-3.806	4.735	8.37
3670150152	-3.856	4.734	8.3
3670150157	-3.909	4.743	8.238
3670150162	-3.955	4.752	8.178
3670150167	-3.986	4.756	8.112
3670150172	-4.004	4.761	8.057
3670150177	-3.993	4.77	8.011
3670150182	-3.959	4.778	7.974
3670150187	-3.896	4.788	7.942
3670150192	-3.813	4.803	7.915
3670150197	-3.708	4.812	7.898
3670150202	-3.6	4.81	7.887
3670150207	-3.487	4.804	7.887
3670150212	-3.385	4.814	7.887
3670150217	-3.296	4.815	7.89
3670150222	-3.21	4.821	7.889
3670150227	-3.13	4.827	7.879
3670150232	-3.062	4.839	7.855
3670150237	-2.999	4.839	7.843
3670150242	-2.937	4.846	7.831
3670150247	-2.888	4.847	7.828
3670150252	-2.837	4.844	7.837
3670150257	-2.771	4.831	7.872
3670150263	-2.684	4.813	7.91
3670150268	-2.58	4.781	7.96
3670150273	-2.446	4.745	8.016
3670150278	-2.295	4.707	8.077
3670150283	-2.145	4.663	8.115
3670150288	-2.009	4.622	8.139
3670150293	-1.891	4.598	8.14
3670150298	-1.803	4.592	8.123
3670150303	-1.753	4.606	8.085
3670150308	-1.732	4.632	8.034
3670150313	-1.72	4.66	7.965
3670150318	-1.724	4.686	7.877
3670150323	-1.75	4.71	7.77
3670150328	-1.779	4.734	7.648
3670150333	-1.813	4.764	7.519
3670150338	-1.856	4.803	7.389
3670150343	-1.889	4.846	7.279
3670150348	-1.904	4.894	7.196
3670150353	-1.9	4.939	7.143
3670150358	-1.872	4.972	7.112
3670150363	-1.824	4.987	7.096
3670150368	-1.768	4.984	7.093
3670150373	-1.713	4.961	7.092
3670150378	-1.669	4.937	7.096
3670150383	-1.655	4.923	7.122
3670150388	-1.67	4.929	7.169
3670150393	-1.715	4.952	7.227
3670150398	-1.769	4.983	7.29
3670150403	-1.827	4.999	7.345
3670150408	-1.874	5.004	7.388
3670150413	-1.9	4.99	7.427
3670150418	-1.91	4.967	7.457
3670150423	-1.926	4.948	7.496
3670150428	-1.948	4.944	7.54
3670150433	-1.974	4.949	7.584
3670150438	-2.022	4.966	7.626
3670150443	-2.082	4.986	7.672
3670150448	-2.151	4.993	7.708
3670150453	-2.235	4.988	7.748
3670150458	-2.343	4.977	7.796
3670150463	-2.472	4.961	7.85
3670150468	-2.623	4.941	7.901
3670150473	-2.78	4.929	7.962
3670150478	-2.934	4.92	8.026
3670150483	-3.08	4.908	8.073
3670150488	-3.207	4.887	8.111
3670150493	-3.303	4.861	8.163
3670150498	-3.383	4.842	8.211
3670150503	-3.445	4.84	8.267
3670150508	-3.484	4.845	8.343
3670150513	-3.508	4.866	8.415
3670150518	-3.524	4.891	8.488
3670150523	-3.522	4.909	8.568
3670150528	-3.513	4.909	8.646
3670150533	-3.502	4.899	8.717
3670150538	-3.488	4.88	8.791
3670150543	-3.476	4.864	8.854
3670150548	-3.472	4.846	8.903
3670150553	-3.467	4.833	8.936
3670150558	-3.462	4.825	8.961
3670150563	-3.456	4.811	8.982
3670150568	-3.439	4.794	8.99
3670150573	-3.416	4.782	8.988
3670150578	-3.38	4.766	8.975
3670150583	-3.331	4.75	8.949
3670150588	-3.282	4.747	8.901
3670150593	-3.237	4.742	8.851
3670150598	-3.191	4.747	8.799
3670150603	-3.163	4.761	8.743
3670150608	-3.156	4.773	8.68
3670150613	-3.155	4.785	8.62
3670150618	-3.163	4.796	8.557
3670150623	-3.18	4.786	8.494
3670150628	-3.203	4.766	8.432
3670150633	-3.22	4.743	8.379
3670150638	-3.234	4.712	8.336
3670150643	-3.257	4.688	8.293
3670150648	-3.283	4.671	8.258
3670150653	-3.308	4.649	8.232
3670150658	-3.335	4.625	8.22
3670150663	-3.359	4.592	8.212
3670150668	-3.372	4.552	8.217
3670150673	-3.379	4.514	8.221
3670150678	-3.39	4.483	8.228
3670150683	-3.398	4.464	8.24
3670150688	-3.407	4.459	8.254
3670150693	-3.421	4.451	8.269
3670150698	-3.428	4.445	8.29
3670150703	-3.423	4.445	8.321
3670150709	-3.406	4.442	8.358
3670150714	-3.384	4.445	8.398
3670150719	-3.342	4.45	8.442
3670150724	-3.284	4.447	8.499
3670150729	-3.211	4.437	8.556
3670150734	-3.122	4.424	8.614
3670150739	-3.018	4.394	8.678
3670150744	-2.907	4.367	8.743
3670150749	-2.798	4.34	8.799
3670150754	-2.686	4.315	8.853
3670150759	-2.583	4.285	8.897
3670150764	-2.49	4.256	8.924
3670150769	-2.403	4.221	8.937
3670150774	-2.331	4.191	8.936
3670150779	-2.278	4.161	8.92
3670150784	-2.241	4.128	8.892
3670150789	-2.213	4.105	8.858
3670150794	-2.199	4.094	8.82
3670150799	-2.196	4.087	8.764
3670150804	-2.194	4.077	8.686
3670150809	-2.195	4.072	8.594
3670150814	-2.194	4.053	8.482
3670150819	-2.199	4.025	8.341
3670150824	-2.202	3.995	8.183
3670150829	-2.216	3.976	8.023
3670150834	-2.236	3.963	7.847
3670150839	-2.267	3.965	7.666
3670150844	-2.304	3.978	7.502
3670150849	-2.341	3.995	7.357
3670150854	-2.377	4.014	7.235
3670150859	-2.407	4.041	7.139
3670150864	-2.425	4.068	7.067
3670150869	-2.441	4.089	7.004
3670150874	-2.458	4.104	6.952
3670150879	-2.476	4.109	6.909
3670150884	-2.509	4.112	6.88
3670150889	-2.562	4.121	6.876
3670150894	-2.626	4.137	6.899
3670150899	-2.706	4.167	6.937
3670150904	-2.784	4.204	6.991
3670150909	-2.854	4.238	7.053
3670150914	-2.919	4.263	7.118
3670150919	-2.973	4.281	7.192
3670150924	-3.008	4.289	7.282
3670150929	-3.044	4.298	7.386
3670150934	-3.076	4.309	7.507
3670150939	-3.102	4.326	7.625
3670150944	-3.114	4.354	7.736
3670150949	-3.116	4.374	7.833
3670150954	-3.107	4.378	7.922
3670150959	-3.108	4.379	7.998
3670150964	-3.114	4.374	8.071
3670150969	-3.134	4.358	8.159
3670150974	-3.174	4.353	8.261
3670150979	-3.231	4.362	8.371
3670150984	-3.291	4.367	8.495
3670150989	-3.347	4.356	8.638
3670150994	-3.404	4.331	8.78
3670150999	-3.464	4.289	8.917
3670151004	-3.522	4.247	9.075
3670151009	-3.573	4.209	9.239
3670151014	-3.615	4.172	9.405
3670151019	-3.637	4.144	9.565
3670151024	-3.639	4.123	9.724
3670151029	-3.612	4.08	9.855
3670151034	-3.555	4.027	9.972
3670151039	-3.473	3.99	10.072
3670151044	-3.372	3.967	10.156
3670151049	-3.247	3.954	10.221
3670151054	-3.104	3.965	10.26
3670151059	-2.933	3.99	10.271
3670151064	-2.742	4.02	10.257
3670151069	-2.536	4.038	10.227
3670151074	-2.316	4.053	10.194
3670151079	-2.085	4.057	10.171
3670151084	-1.872	4.064	10.146
3670151089	-1.674	4.074	10.125
3670151094	-1.484	4.087	10.115
3670151099	-1.301	4.095	10.111
3670151104	-1.126	4.099	10.098
3670151109	-0.945	4.08	10.086
3670151114	-0.777	4.042	10.077
3670151119	-0.624	3.999	10.065
3670151124	-0.49	3.952	10.038
3670151129	-0.383	3.906	10.017
3670151134	-0.302	3.866	9.995
3670151139	-0.228	3.826	9.97
3670151144	-0.16	3.777	9.929
3670151149	-0.084	3.724	9.877
3670151155	0.002	3.66	9.811
3670151160	0.095	3.594	9.72
3670151165	0.195	3.526	9.594
3670151170	0.294	3.46	9.458
3670151175	0.374	3.397	9.3
3670151180	0.444	3.346	9.103
3670151185	0.503	3.304	8.889
3670151190	0.554	3.277	8.672
3670151195	0.597	3.256	8.437
3670151200	0.643	3.248	8.195
3670151205	0.686	3.256	7.957
3670151210	0.726	3.275	7.728
3670151215	0.762	3.302	7.506
3670151220	0.798	3.343	7.294
3670151225	0.828	3.388	7.098
3670151230	0.848	3.434	6.93
3670151235	0.867	3.476	6.784
3670151240	0.869	3.52	6.658
3670151245	0.86	3.568	6.558
3670151250	0.852	3.613	6.485
3670151255	0.841	3.652	6.443
3670151260	0.831	3.693	6.458
3670151265	0.837	3.743	6.532
3670151270	0.845	3.789	6.655
3670151275	0.853	3.836	6.816
3670151280	0.871	3.888	6.997
3670151285	0.893	3.934	7.175
3670151290	0.917	3.965	7.35
3670151295	0.945	3.988	7.499
3670151300	0.967	4.01	7.635
3670151305	0.976	4.038	7.769
3670151310	0.965	4.08	7.898
3670151315	0.932	4.144	8.039
3670151320	0.891	4.239	8.217
3670151325	0.85	4.354	8.47
3670151330	0.788	4.495	8.644
3670151335	0.733	4.646	8.707
3670151340	0.714	4.781	8.681
3670151345	0.744	4.887	8.594
3670151350	0.821	4.956	8.423
3670151355	0.965	4.982	8.315
3670151360	1.134	4.985	8.307
3670151365	1.286	4.97	8.338
3670151370	1.385	4.952	8.379
3670151375	1.441	4.938	8.429
3670151380	1.477	4.911	8.482
3670151385	1.552	4.805	8.537
3670151390	1.52	4.649	8.529
3670151395	1.317	4.567	8.447
3670151400	1.02	4.581	8.175
3670151405	0.676	4.711	7.826
3670151410	0.254	5.025	7.546
3670151415	-0.066	5.429	7.349
3670151420	-0.195	5.75	7.222
3670151425	-0.187	5.937	7.255
3670151430	-0.079	5.959	7.315
3670151435	0.1	5.818	7.322
3670151440	0.312	5.577	7.298
3670151445	0.523	5.32	7.316
3670151450	0.668	5.085	7.402
3670151455	0.679	4.875	7.499
3670151460	0.532	4.707	7.539
3670151465	0.27	4.603	7.525
3670151470	-0.044	4.528	7.424
3670151475	-0.357	4.488	7.303
3670151480	-0.612	4.478	7.27
3670151485	-0.767	4.481	7.356
3670151490	-0.895	4.459	7.541
3670151495	-0.967	4.36	7.789
3670151500	-0.992	4.168	8.036
3670151505	-0.997	3.905	8.229
3670151510	-0.984	3.576	8.376
3670151515	-0.9	3.211	8.559
3670151520	-0.843	2.868	8.776
3670151525	-0.823	2.571	9.01
3670151530	-0.828	2.322	9.303
3670151535	-0.849	2.108	9.624
3670151540	-0.911	1.91	9.932
3670151545	-0.996	1.735	10.25
3670151550	-1.081	1.601	10.577
3670151555	-1.198	1.521	10.893
3670151560	-1.357	1.509	11.183
3670151565	-1.539	1.566	11.438
3670151570	-1.72	1.669	11.635
3670151575	-1.889	1.772	11.758
3670151580	-2.01	1.848	11.8
3670151585	-2.07	1.878	11.765
3670151590	-2.06	1.877	11.678
3670151595	-2.012	1.86	11.563
3670151601	-1.957	1.837	11.437
3670151606	-1.914	1.823	11.317
3670151611	-1.904	1.831	11.233
3670151616	-1.929	1.859	11.201
3670151621	-1.974	1.905	11.203
3670151626	-2.043	1.962	11.23
3670151631	-2.128	2.013	11.244
3670151636	-2.198	2.062	11.212
3670151641	-2.258	2.107	11.116
3670151646	-2.304	2.14	10.971
3670151651	-2.322	2.182	10.777
3670151656	-2.321	2.237	10.54
3670151661	-2.314	2.279	10.262
3670151666	-2.296	2.315	9.957
3670151671	-2.269	2.345	9.634
3670151676	-2.232	2.368	9.332
3670151681	-2.212	2.434	9.104
3670151686	-2.182	2.534	8.913
3670151691	-2.145	2.662	8.762
3670151696	-2.103	2.812	8.671
3670151701	-2.064	2.966	8.62
3670151706	-1.999	3.06	8.583
3670151711	-1.947	3.111	8.607
3670151716	-1.927	3.127	8.652
3670151721	-1.947	3.137	8.664
3670151726	-2.009	3.165	8.625
3670151731	-2.106	3.231	8.521
3670151736	-2.205	3.345	8.367
3670151741	-2.267	3.477	8.224
3670151746	-2.268	3.593	8.138
3670151751	-2.195	3.666	8.126
3670151756	-2.05	3.704	8.189
3670151761	-1.877	3.696	8.301
3670151766	-1.687	3.671	8.438
3670151771	-1.507	3.644	8.598
3670151776	-1.349	3.637	8.772
3670151781	-1.224	3.637	8.949
3670151786	-1.12	3.65	9.141
3670151791	-1.037	3.67	9.356
3670151796	-0.962	3.691	9.574
3670151801	-0.886	3.703	9.778
3670151806	-0.798	3.716	9.977
3670151811	-0.695	3.741	10.147
3670151816	-0.594	3.778	10.267
3670151821	-0.493	3.829	10.342
3670151826	-0.401	3.889	10.404
3670151831	-0.325	3.936	10.467
3670151836	-0.274	3.96	10.558
3670151841	-0.26	3.96	10.663
3670151846	-0.308	3.925	10.756
3670151851	-0.426	3.875	10.812
3670151856	-0.622	3.83	10.818
3670151861	-0.894	3.809	10.774
3670151866	-1.236	3.813	10.707
3670151871	-1.617	3.859	10.637
3670151876	-2.007	3.928	10.575
3670151881	-2.371	4.003	10.522
3670151886	-2.677	4.063	10.444
3670151891	-2.899	4.1	10.334
3670151896	-3.037	4.109	10.204
3670151901	-3.103	4.106	10.055
3670151906	-3.116	4.103	9.899
3670151911	-3.09	4.109	9.757
3670151916	-3.037	4.133	9.616
3670151921	-2.968	4.173	9.468
3670151926	-2.881	4.217	9.314
3670151931	-2.773	4.254	9.156
3670151936	-2.659	4.29	8.987
3670151941	-2.542	4.328	8.805
3670151946	-2.427	4.39	8.598
3670151951	-2.319	4.48	8.367
3670151956	-2.229	4.606	8.117
3670151961	-2.167	4.767	7.886
3670151966	-2.171	4.999	7.719
3670151971	-2.25	5.246	7.596
3670151976	-2.382	5.47	7.506
3670151981	-2.51	5.628	7.443
3670151986	-2.607	5.701	7.41
3670151991	-2.625	5.642	7.404
3670151996	-2.559	5.487	7.444
3670152001	-2.443	5.297	7.519
3670152006	-2.327	5.121	7.635
3670152011	-2.228	5.001	7.76
3670152016	-2.145	4.972	7.861
3670152021	-2.087	5.1	7.939
3670152026	-2.076	5.38	8.001
3670152031	-2.036	5.725	8.013
3670152036	-1.975	6.049	7.99
3670152041	-1.901	6.298	7.94
3670152047	-1.855	6.307	7.871
3670152052	-1.848	5.996	7.77
3670152057	-1.84	5.581	7.68
3670152062	-1.799	5.229	7.633
3670152067	-1.729	5.045	7.608
3670152072	-1.581	5.151	7.624
3670152077	-1.336	5.579	7.695
3670152082	-1.127	6.128	7.721
3670152087	-0.979	6.628	7.576
3670152092	-0.851	6.919	7.227
3670152097	-0.72	6.92	6.616
3670152102	-0.572	6.645	5.756
3670152107	-0.407	6.165	4.748
3670152112	-0.274	5.558	3.73
3670152117	-0.236	4.927	2.848
3670152122	-0.304	4.34	2.215
3670152127	-0.462	3.812	1.886
3670152132	-0.715	3.4	1.928
3670152137	-1.035	3.15	2.337
3670152142	-1.361	3.043	3.041
3670152147	-1.657	3.055	3.967
3670152152	-1.924	3.154	4.988
3670152157	-2.075	3.183	5.918
3670152162	-2.102	3.102	6.73
3670152167	-2.04	2.916	7.315
3670152172	-1.938	2.667	7.594
3670152177	-1.792	2.414	7.572
3670152182	-1.701	2.354	7.272
3670152187	-1.653	2.479	6.661
3670152192	-1.64	2.737	5.916
3670152197	-1.686	3.146	5.17
3670152202	-1.83	3.721	4.359
3670152207	-2.004	4.355	3.755
3670152212	-2.19	4.932	3.826
3670152217	-2.324	5.338	3.935
3670152222	-2.472	5.64	4.205
3670152227	-2.732	5.879	5.198
3670152232	-3.164	6.038	6.787
3670152237	-3.827	6.179	8.703
3670152242	-4.94	6.292	11.499
3670152247	-6.033	6.028	14.017
3670152252	-6.502	5.258	15.662
3670152257	-6.503	4.298	16.756
3670152262	-6.229	3.253	17.135
3670152267	-5.543	2.269	16.675
3670152272	-4.777	1.641	16.25
3670152277	-4.412	1.451	15.952
3670152282	-4.276	1.395	15.406
3670152287	-4.124	1.385	14.615
3670152292	-3.947	1.386	13.73
3670152297	-3.833	1.378	12.951
3670152302	-3.783	1.398	12.388
3670152307	-3.693	1.382	11.942
3670152312	-3.523	1.316	11.538
3670152317	-3.287	1.327	11.247
3670152322	-2.97	1.439	11.065
3670152327	-2.595	1.529	10.847
3670152332	-2.205	1.659	10.57
3670152337	-1.834	1.915	10.282
3670152342	-1.502	2.257	9.928
3670152347	-1.213	2.593	9.392
3670152352	-0.967	2.942	8.797
3670152357	-0.818	3.309	8.293
3670152362	-0.778	3.633	7.866
3670152367	-0.835	3.836	7.473
3670152372	-0.959	3.932	7.192
3670152377	-1.116	3.931	7.005
3670152382	-1.25	3.814	6.881
3670152387	-1.249	3.586	6.842
3670152392	-1.117	3.351	6.943
3670152397	-0.977	3.158	7.124
3670152402	-0.794	2.949	7.332
3670152407	-0.565	2.725	7.516
3670152412	-0.436	2.539	7.706
3670152417	-0.396	2.346	7.852
3670152422	-0.31	2.12	7.957
3670152427	-0.209	1.941	8.056
3670152432	-0.118	1.84	8.15
3670152437	-0.004	1.774	8.19
3670152442	0.135	1.736	8.171
3670152447	0.29	1.744	8.076
3670152452	0.428	1.81	7.961
3670152457	0.525	1.915	7.843
3670152462	0.581	2.052	7.715
3670152467	0.628	2.181	7.561
3670152472	0.694	2.295	7.41
3670152477	0.793	2.385	7.206
3670152482	0.906	2.456	6.961
3670152487	1.005	2.5	6.699
3670152493	1.034	2.538	6.48
3670152498	0.981	2.53	6.318
3670152503	0.867	2.486	6.242
3670152508	0.725	2.452	6.259
3670152513	0.542	2.495	6.404
3670152518	0.319	2.709	6.647
3670152523	0.079	3.142	6.982
3670152528	-0.144	3.718	7.387
3670152533	-0.339	4.308	7.835
3670152538	-0.42	4.808	8.25
3670152543	-0.326	5.12	8.632
3670152548	-0.083	5.239	8.984
3670152553	0.25	5.21	9.302
3670152558	0.638	5.129	9.88
3670152563	1.04	5.158	11.198
3670152568	1.574	5.263	12.691
3670152573	2.278	5.341	13.965
3670152578	2.943	5.301	14.875
3670152583	3.557	5.077	15.19
3670152588	4.158	4.615	14.57
3670152593	4.581	4.019	13.544
3670152598	4.716	3.415	12.311
3670152603	4.785	2.875	11.099
3670152608	4.827	2.533	10.006
3670152613	4.848	2.395	9.063
3670152618	4.876	2.453	8.416
3670152623	4.934	2.641	8.325
3670152628	4.998	2.892	8.617
3670152633	5.022	3.093	8.991
3670152638	4.928	3.194	9.239
3670152643	4.672	3.155	9.235
3670152648	4.313	3.022	8.94
3670152653	3.909	2.895	8.505
3670152658	3.508	2.79	8.166
3670152663	3.136	2.682	7.99
3670152668	2.823	2.58	7.975
3670152673	2.523	2.483	8.071
3670152678	2.172	2.379	8.193
3670152683	1.752	2.326	8.336
3670152688	1.273	2.363	8.529
3670152693	0.75	2.454	8.731
3670152698	0.29	2.527	8.908
3670152703	0.024	2.527	9.052
3670152708	-0.029	2.418	9.083
3670152713	0.103	2.222	8.982
3670152718	0.406	1.99	8.849
3670152723	0.809	1.804	8.763
3670152728	1.191	1.754	8.744
3670152733	1.499	1.867	8.777
3670152738	1.707	2.075	8.791
3670152743	1.787	2.3	8.722
3670152748	1.753	2.498	8.57
3670152753	1.649	2.653	8.366
3670152758	1.516	2.759	8.171
3670152763	1.416	2.841	8.075
3670152768	1.358	2.944	8.086
3670152773	1.299	3.08	8.123
3670152778	1.223	3.206	8.18
3670152783	1.14	3.295	8.264
3670152788	1.029	3.343	8.352
3670152793	0.936	3.345	8.434
3670152798	0.893	3.301	8.56
3670152803	0.915	3.226	8.729
3670152808	1.018	3.114	8.875
3670152813	1.218	2.963	8.973
3670152818	1.5	2.783	9.059
3670152823	1.842	2.613	9.156
3670152828	2.209	2.456	9.248
3670152833	2.566	2.327	9.336
3670152838	2.879	2.225	9.42
3670152843	3.132	2.138	9.464
3670152848	3.309	2.064	9.454
3670152853	3.392	2.026	9.42
3670152858	3.387	2.02	9.417
3670152863	3.321	2.03	9.448
3670152868	3.209	2.073	9.508
3670152873	3.081	2.133	9.609
3670152878	2.968	2.198	9.728
3670152883	2.857	2.284	9.819
3670152888	2.724	2.41	9.878
3670152893	2.556	2.577	9.925
3670152898	2.332	2.786	9.907
3670152903	2.042	3.016	9.802
3670152908	1.736	3.231	9.648
3670152913	1.466	3.39	9.279
3670152918	1.305	3.371	8.81
3670152923	1.36	3.211	8.662
3670152928	1.664	2.964	8.624
3670152933	2.134	2.646	8.524
3670152939	2.669	2.28	8.693
3670152944	3.164	2.013	9.06
3670152949	3.519	1.817	9.158
3670152954	3.692	1.647	9.18
3670152959	3.696	1.536	9.341
3670152964	3.593	1.536	9.54
3670152969	3.436	1.621	9.698
3670152974	3.238	1.749	9.842
3670152979	3.017	1.888	9.98
3670152984	2.831	2.035	10.03
3670152989	2.712	2.179	9.981
3670152994	2.651	2.291	9.882
3670152999	2.654	2.4	9.8
3670153004	2.733	2.541	9.774
3670153009	2.848	2.682	9.784
3670153014	2.958	2.766	9.779
3670153019	3.057	2.793	9.729
3670153024	3.143	2.78	9.638
3670153029	3.18	2.775	9.553
3670153034	3.174	2.785	9.526
3670153039	3.168	2.798	9.533
3670153044	3.177	2.817	9.59
3670153049	3.187	2.837	9.68
3670153054	3.212	2.818	9.732
3670153059	3.241	2.77	9.742
3670153064	3.253	2.751	9.74
3670153069	3.239	2.777	9.717
3670153074	3.2	2.82	9.685
3670153079	3.13	2.859	9.655
3670153084	3.037	2.911	9.629
3670153089	2.92	2.987	9.64
3670153094	2.793	3.098	9.654
3670153099	2.672	3.209	9.612
3670153104	2.581	3.306	9.524
3670153109	2.553	3.413	9.423
3670153114	2.569	3.508	9.313
3670153119	2.606	3.542	9.222
3670153124	2.665	3.558	9.168
3670153129	2.707	3.595	9.131
3670153134	2.697	3.591	9.053
3670153139	2.655	3.552	8.965
3670153144	2.614	3.528	8.895
3670153149	2.58	3.516	8.846
3670153154	2.609	3.485	8.849
3670153159	2.714	3.445	8.892
3670153164	2.903	3.389	8.923
3670153169	3.165	3.304	8.928
3670153174	3.468	3.186	8.914
3670153179	3.791	3.032	8.864
3670153184	4.095	2.872	8.847
3670153189	4.307	2.736	8.863
3670153194	4.39	2.631	8.878
3670153199	4.352	2.555	8.872
3670153204	4.194	2.537	8.857
3670153209	3.978	2.563	8.802
3670153214	3.78	2.604	8.69
3670153219	3.626	2.653	8.576
3670153224	3.502	2.709	8.491
3670153229	3.394	2.761	8.415
3670153234	3.297	2.805	8.358
3670153239	3.205	2.84	8.319
3670153244	3.132	2.852	8.255
3670153249	3.125	2.845	8.183
3670153254	3.177	2.826	8.12
3670153259	3.262	2.787	8.032
3670153264	3.345	2.739	7.933
3670153269	3.394	2.703	7.862
3670153274	3.361	2.709	7.784
3670153279	3.246	2.748	7.676
3670153284	3.034	2.847	7.577
3670153289	2.74	2.989	7.478
3670153294	2.404	3.137	7.333
3670153299	2.106	3.239	7.15
3670153304	1.895	3.314	7.006
3670153309	1.801	3.345	6.872
3670153314	1.903	3.302	6.765
3670153319	2.233	3.153	6.718
3670153324	2.749	2.909	6.718
3670153329	3.362	2.589	6.733
3670153334	4.001	2.234	6.824
3670153339	4.558	1.916	6.989
3670153344	4.943	1.691	7.205
3670153349	5.106	1.578	7.463
3670153354	5.074	1.54	7.676
3670153359	4.902	1.541	7.799
3670153364	4.638	1.576	7.865
3670153369	4.31	1.657	7.899
3670153374	3.965	1.76	7.874
3670153379	3.674	1.87	7.852
3670153385	3.479	1.975	7.871
3670153390	3.386	2.072	7.901
3670153395	3.378	2.144	7.923
3670153400	3.425	2.191	7.94
3670153405	3.479	2.239	7.937
3670153410	3.513	2.291	7.895
3670153415	3.504	2.334	7.804
3670153420	3.456	2.353	7.647
3670153425	3.43	2.34	7.464
3670153430	3.496	2.263	7.275
3670153435	3.639	2.149	7.107
3670153440	3.83	2.028	7.034
3670153445	4.077	1.92	7.088
3670153450	4.315	1.851	7.243
3670153455	4.47	1.847	7.489
3670153460	4.54	1.884	7.762
3670153465	4.542	1.918	7.961
3670153470	4.5	1.928	8.126
3670153475	4.456	1.89	8.241
3670153480	4.449	1.799	8.263
3670153485	4.478	1.681	8.231
3670153490	4.529	1.565	8.2
3670153495	4.58	1.464	8.141
3670153500	4.609	1.393	8.102
3670153505	4.597	1.358	8.116
3670153510	4.576	1.345	8.131
3670153515	4.578	1.347	8.136
3670153520	4.557	1.393	8.164
3670153525	4.512	1.486	8.222
3670153530	4.45	1.586	8.285
3670153535	4.321	1.67	8.341
3670153540	4.191	1.706	8.328
3670153545	4.119	1.675	8.238
3670153550	4.099	1.581	8.104
3670153555	4.129	1.462	7.971
3670153560	4.229	1.338	7.911
3670153565	4.341	1.255	7.936
3670153570	4.425	1.24	8.012
3670153575	4.425	1.319	8.165
3670153580	4.313	1.498	8.442
3670153585	4.138	1.712	8.719
3670153590	3.897	1.877	8.99
3670153595	3.678	1.92	9.254
3670153600	3.564	1.844	9.444
3670153605	3.588	1.637	9.513
3670153610	3.728	1.33	9.507
3670153615	3.958	0.99	9.453
3670153620	4.212	0.677	9.386
3670153625	4.442	0.428	9.326
3670153630	4.603	0.286	9.29
3670153635	4.674	0.237	9.3
3670153640	4.665	0.228	9.239
3670153645	4.588	0.241	9.144
3670153650	4.443	0.25	9.072
3670153655	4.203	0.234	9.026
3670153660	3.861	0.238	9.018
3670153665	3.484	0.265	9.149
3670153670	3.059	0.32	9.337
3670153675	2.597	0.398	9.533
3670153680	2.179	0.441	9.734
3670153685	1.852	0.429	9.968
3670153690	1.593	0.41	10.236
3670153695	1.491	0.351	10.521
3670153700	1.559	0.204	10.777
3670153705	1.718	0.048	10.993
3670153710	1.886	-0.086	11.142
3670153715	2.031	-0.186	11.234
3670153720	2.028	-0.22	11.303
3670153725	1.945	-0.203	11.372
3670153730	1.898	-0.195	11.413
3670153735	1.934	-0.22	11.437
3670153740	2.029	-0.269	11.448
3670153745	2.249	-0.342	11.421
3670153750	2.52	-0.43	11.304
3670153755	2.76	-0.525	11.114
3670153760	2.869	-0.555	10.841
3670153765	2.814	-0.467	10.519
3670153770	2.609	-0.26	10.207
3670153775	2.266	0.076	9.916
3670153780	1.772	0.558	9.642
3670153785	1.255	1.085	9.413
3670153790	0.796	1.527	9.18
3670153795	0.38	1.883	8.98
3670153800	-0.027	2.209	8.976
3670153805	-0.39	2.484	9.148
3670153810	-0.703	2.697	9.431
3670153815	-0.961	2.841	9.801
3670153820	-1.166	2.902	10.211
3670153825	-1.259	2.838	10.566
3670153831	-1.206	2.655	10.865
3670153836	-1.119	2.451	11.138
3670153841	-1.066	2.273	11.411
3670153846	-1.012	2.116	11.653
3670153851	-1.005	2.02	11.816
3670153856	-1.055	2.021	11.859
3670153861	-1.045	2.025	11.754
3670153866	-0.845	2.019	11.548
3670153871	-0.626	2.094	11.302
3670153876	-0.487	2.258	11.099
3670153881	-0.237	2.421	10.954
3670153886	0.338	2.539	10.851
3670153891	0.979	2.757	10.802
3670153896	1.522	3.084	10.76
3670153901	1.977	3.447	10.68
3670153906	2.127	3.856	10.573
3670153911	1.758	4.346	10.453
3670153916	1.046	4.769	10.276
3670153921	0.346	4.967	10.053
3670153926	-0.185	4.931	9.756
3670153931	-0.635	4.792	9.473
3670153936	-1.086	4.613	9.28
3670153941	-1.572	4.463	9.171
3670153946	-2.198	4.456	9.102
3670153951	-2.913	4.579	9.03
3670153956	-3.498	4.694	8.863
3670153961	-3.718	4.695	8.642
3670153966	-3.407	4.519	8.478
3670153971	-2.488	4.187	8.462
3670153976	-1.179	3.902	8.696
3670153981	0.238	3.831	9.16
3670153986	1.407	4.045	9.654
3670153991	2.044	4.536	9.963
3670153996	2.08	5.175	9.955
3670154001	1.644	5.773	9.563
3670154006	0.916	6.18	8.934
3670154011	0.112	6.385	8.338
3670154016	-0.578	6.398	7.981
3670154021	-1.096	6.216	8.004
3670154026	-1.463	5.906	8.43
3670154031	-1.767	5.588	9.155
3670154036	-2.058	5.306	10.029
3670154041	-2.364	5.033	10.852
3670154046	-2.725	4.821	11.5
3670154051	-3.137	4.661	11.946
3670154056	-3.483	4.453	12.153
3670154061	-3.711	4.169	12.112
3670154066	-3.814	3.872	11.93
3670154071	-3.757	3.597	11.662
3670154076	-3.511	3.336	11.293
3670154081	-3.162	3.144	10.863
3670154086	-2.747	3.038	10.373
3670154091	-2.293	3.017	9.793
3670154096	-1.846	3.082	9.09
3670154101	-1.483	3.247	8.331
3670154106	-1.21	3.485	7.492
3670154111	-1.047	3.745	6.571
3670154116	-0.931	3.858	5.606
3670154121	-0.834	3.876	4.788
3670154126	-0.772	3.83	4.146
3670154131	-0.705	3.704	3.669
3670154136	-0.635	3.477	3.45
3670154141	-0.622	3.268	3.58
3670154146	-0.631	3.01	3.91
3670154151	-0.609	2.692	4.349
3670154156	-0.672	2.427	4.957
3670154161	-0.832	2.307	5.627
3670154166	-1.07	2.379	6.229
3670154171	-1.403	2.647	6.714
3670154176	-1.807	3.074	7.159
3670154181	-2.143	3.595	7.87
3670154186	-2.397	4.122	9.261
3670154191	-2.619	4.584	10.815
3670154196	-2.864	4.922	11.601
3670154201	-3.161	5.134	11.528
3670154206	-3.525	5.245	10.672
3670154211	-3.863	5.317	8.908
3670154216	-4.068	5.389	6.87
3670154221	-4.06	5.461	5.591
3670154226	-3.807	5.478	5.145
3670154231	-3.369	5.403	5.145
3670154236	-2.857	5.248	5.314
3670154241	-2.346	5.056	5.538
3670154246	-1.906	4.905	5.74
3670154251	-1.567	4.847	5.88
3670154256	-1.307	4.869	5.976
3670154261	-1.119	4.924	6.075
3670154266	-1.001	4.967	6.213
3670154271	-0.921	4.97	6.409
3670154277	-0.88	4.926	6.65
3670154282	-0.875	4.834	6.91
3670154287	-0.91	4.73	7.18
3670154292	-1.002	4.638	7.432
3670154297	-1.161	4.55	7.664
3670154302	-1.358	4.46	7.886
3670154307	-1.575	4.36	8.098
3670154312	-1.784	4.245	8.3
3670154317	-1.954	4.111	8.475
3670154322	-2.068	3.94	8.574
3670154327	-2.133	3.749	8.618
3670154332	-2.149	3.565	8.639
3670154337	-2.121	3.406	8.645
3670154342	-2.057	3.276	8.63
3670154347	-1.976	3.186	8.642
3670154352	-1.881	3.117	8.672
3670154357	-1.78	3.053	8.713
3670154362	-1.675	2.967	8.762
3670154367	-1.585	2.864	8.862
3670154372	-1.516	2.754	9.022
3670154377	-1.45	2.628	9.247
3670154382	-1.379	2.491	9.481
3670154387	-1.32	2.372	9.65
3670154392	-1.267	2.288	9.722
3670154397	-1.221	2.256	9.704
3670154402	-1.197	2.319	9.601
3670154407	-1.22	2.462	9.422
3670154412	-1.287	2.667	9.248
3670154417	-1.408	2.905	9.116
3670154422	-1.557	3.116	9.103
3670154427	-1.705	3.255	9.186
3670154432	-1.868	3.373	9.33
3670154437	-2.042	3.48	9.485
3670154442	-2.197	3.566	9.611
3670154447	-2.33	3.662	9.609
3670154452	-2.435	3.786	9.494
3670154457	-2.481	3.87	9.323
3670154462	-2.443	3.881	9.126
3670154467	-2.349	3.821	8.869
3670154472	-2.203	3.765	8.674
3670154477	-2.058	3.758	8.579
3670154482	-1.92	3.812	8.514
3670154487	-1.78	3.931	8.482
3670154492	-1.624	4.104	8.607
3670154497	-1.46	4.257	8.77
3670154502	-1.28	4.345	8.86
3670154507	-1.119	4.367	8.923
3670154512	-1.044	4.333	8.965
3670154517	-1.117	4.277	8.889
3670154522	-1.357	4.22	8.706
3670154527	-1.732	4.182	8.502
3670154532	-2.197	4.175	8.292
3670154537	-2.705	4.179	8.088
3670154542	-3.19	4.191	7.954
3670154547	-3.621	4.187	7.933
3670154552	-3.989	4.12	8.027
3670154557	-4.277	4.003	8.27
3670154562	-4.452	3.85	8.653
3670154567	-4.516	3.668	9.12
3670154572	-4.51	3.502	9.648
3670154577	-4.467	3.407	10.245
3670154582	-4.419	3.367	10.731
3670154587	-4.389	3.399	11.087
3670154592	-4.348	3.479	11.389
3670154597	-4.279	3.553	11.537
3670154602	-4.145	3.574	11.509
3670154607	-3.904	3.53	11.459
3670154612	-3.572	3.425	11.405
3670154617	-3.165	3.258	11.295
3670154622	-2.702	3.062	11.2
3670154627	-2.257	2.88	11.084
3670154632	-1.887	2.734	10.924
3670154637	-1.615	2.619	10.741
3670154642	-1.473	2.551	10.529
3670154647	-1.447	2.514	10.277
3670154652	-1.489	2.492	10.011
3670154657	-1.576	2.489	9.779
3670154662	-1.687	2.497	9.578
3670154667	-1.817	2.52	9.399
3670154672	-1.959	2.588	9.245
3670154677	-2.093	2.703	9.11
3670154682	-2.222	2.848	8.972
3670154687	-2.335	3.015	8.823
3670154692	-2.415	3.187	8.657
3670154697	-2.457	3.332	8.495
3670154702	-2.474	3.425	8.372
3670154707	-2.488	3.471	8.276
3670154712	-2.506	3.49	8.193
3670154717	-2.555	3.492	8.129
3670154723	-2.643	3.506	8.069
3670154728	-2.776	3.552	7.951
3670154733	-2.911	3.627	7.778
3670154738	-3.021	3.699	7.585
3670154743	-3.095	3.754	7.415
3670154748	-3.13	3.757	7.261
3670154753	-3.121	3.703	7.128
3670154758	-3.081	3.615	7.021
3670154763	-3.051	3.569	6.926
3670154768	-3.017	3.599	6.799
3670154773	-2.958	3.704	6.683
3670154778	-2.858	3.856	6.636
3670154783	-2.713	4.029	6.64
3670154788	-2.514	4.18	6.669
3670154793	-2.283	4.304	6.724
3670154798	-2.05	4.407	6.799
3670154803	-1.849	4.479	6.893
3670154808	-1.714	4.519	7.027
3670154813	-1.67	4.605	7.165
3670154818	-1.747	4.726	7.241
3670154823	-1.863	4.804	7.225
3670154828	-1.895	4.823	7.149
3670154833	-1.856	4.781	7.159
3670154838	-1.789	4.64	7.229
3670154843	-1.687	4.429	7.357
3670154848	-1.656	4.276	7.528
3670154853	-1.802	4.236	7.726
3670154858	-2.054	4.316	7.85
3670154863	-2.319	4.441	7.95
3670154868	-2.548	4.553	8.081
3670154873	-2.655	4.573	8.242
3670154878	-2.641	4.471	8.379
3670154883	-2.547	4.316	8.445
3670154888	-2.408	4.187	8.468
3670154893	-2.257	4.105	8.477
3670154898	-2.14	4.111	8.498
3670154903	-2.038	4.192	8.557
3670154908	-1.934	4.3	8.611
3670154913	-1.894	4.425	8.697
3670154918	-1.873	4.5	8.817
3670154923	-1.861	4.495	8.943
3670154928	-1.885	4.497	9.073
3670154933	-1.933	4.506	9.247
3670154938	-1.877	4.485	9.389
3670154943	-1.726	4.564	9.478
3670154948	-1.539	4.702	9.502
3670154953	-1.348	4.768	9.442
3670154958	-1.192	4.743	9.278
3670154963	-1.129	4.628	9.036
3670154968	-1.272	4.564	8.732
3670154973	-1.529	4.55	8.378
3670154978	-1.807	4.563	8.057
3670154983	-2.068	4.591	7.842
3670154988	-2.256	4.638	7.694
3670154993	-2.311	4.554	7.601
3670154998	-2.355	4.495	7.644
3670155003	-2.403	4.458	7.76
3670155008	-2.47	4.41	7.908
3670155013	-2.594	4.423	8.154
3670155018	-2.758	4.479	8.507
3670155023	-2.851	4.423	8.79
3670155028	-2.891	4.322	9.007
3670155033	-2.883	4.302	9.211
3670155038	-2.838	4.331	9.342
3670155043	-2.726	4.303	9.346
3670155048	-2.577	4.258	9.289
3670155053	-2.42	4.241	9.172
3670155058	-2.305	4.223	8.943
3670155063	-2.248	4.19	8.633
3670155068	-2.238	4.205	8.294
3670155073	-2.252	4.256	8.038
3670155078	-2.291	4.336	7.827
3670155083	-2.293	4.351	7.693
3670155088	-2.254	4.271	7.647
3670155093	-2.235	4.178	7.661
3670155098	-2.243	4.088	7.741
3670155103	-2.283	4.01	7.901
3670155108	-2.379	3.967	8.073
3670155113	-2.525	3.945	8.284
3670155118	-2.681	3.876	8.469
3670155123	-2.791	3.745	8.6
3670155128	-2.877	3.647	8.758
3670155133	-2.939	3.605	8.934
3670155138	-2.944	3.573	9.081
3670155143	-2.891	3.573	9.24
3670155148	-2.859	3.66	9.353
3670155153	-2.825	3.726	9.333
3670155158	-2.762	3.774	9.193
3670155164	-2.697	3.842	8.969
3670155169	-2.683	3.874	8.724
3670155174	-2.744	3.903	8.478
3670155179	-2.871	3.955	8.254
3670155184	-3.017	3.994	8.088
3670155189	-3.141	4.02	7.998
3670155194	-3.208	4.089	7.956
3670155199	-3.192	4.135	7.981
3670155204	-3.084	4.142	8.055
3670155209	-2.954	4.156	8.133
3670155214	-2.86	4.174	8.174
3670155219	-2.806	4.164	8.175
3670155224	-2.779	4.156	8.115
3670155229	-2.763	4.142	8.037
3670155234	-2.715	4.118	8.025
3670155239	-2.625	4.14	8.112
3670155244	-2.494	4.195	8.284
3670155249	-2.285	4.161	8.503
3670155254	-2.009	4.076	8.845
3670155259	-1.757	3.999	9.218
3670155264	-1.537	3.919	9.562
3670155269	-1.337	3.855	9.917
3670155274	-1.195	3.876	10.318
3670155279	-1.099	3.934	10.569
3670155284	-1.001	3.994	10.715
3670155289	-0.882	3.99	10.759
3670155294	-0.742	3.922	10.672
3670155299	-0.586	3.831	10.468
3670155304	-0.443	3.733	10.218
3670155309	-0.312	3.609	9.928
3670155314	-0.22	3.543	9.65
3670155319	-0.203	3.575	9.398
3670155324	-0.251	3.656	9.176
3670155329	-0.328	3.743	9.002
3670155334	-0.423	3.838	8.871
3670155339	-0.506	3.911	8.775
3670155344	-0.524	3.914	8.699
3670155349	-0.505	3.885	8.637
3670155354	-0.492	3.873	8.59
3670155359	-0.504	3.881	8.539
3670155364	-0.538	3.885	8.466
3670155369	-0.607	3.882	8.404
3670155374	-0.686	3.892	8.337
3670155379	-0.792	3.916	8.244
3670155384	-0.906	3.93	8.131
3670155389	-1.007	3.943	8.0
3670155394	-1.099	3.963	7.84
3670155399	-1.183	3.982	7.684
3670155404	-1.251	4.006	7.552
3670155409	-1.3	4.045	7.451
3670155414	-1.354	4.08	7.39
3670155419	-1.399	4.109	7.369
3670155424	-1.441	4.132	7.376
3670155429	-1.465	4.135	7.412
3670155434	-1.483	4.127	7.472
3670155439	-1.498	4.126	7.565
3670155444	-1.522	4.136	7.67
3670155449	-1.565	4.148	7.8
3670155454	-1.645	4.164	7.945
3670155459	-1.769	4.176	8.112
3670155464	-1.916	4.174	8.293
3670155469	-2.067	4.162	8.475
3670155474	-2.218	4.136	8.649
3670155479	-2.347	4.118	8.811
3670155484	-2.422	4.115	8.931
3670155489	-2.452	4.13	9.008
3670155494	-2.457	4.167	9.052
3670155499	-2.445	4.215	9.058
3670155504	-2.436	4.25	9.027
3670155509	-2.46	4.269	8.989
3670155514	-2.532	4.27	8.943
3670155519	-2.652	4.25	8.905
3670155524	-2.796	4.218	8.876
3670155529	-2.937	4.176	8.839
3670155534	-3.054	4.117	8.786
3670155539	-3.142	4.034	8.725
3670155544	-3.214	3.943	8.642
3670155549	-3.297	3.851	8.523
3670155554	-3.409	3.749	8.393
3670155559	-3.556	3.629	8.237
3670155564	-3.741	3.492	8.046
3670155569	-3.938	3.327	7.826
3670155574	-4.111	3.16	7.61
3670155579	-4.236	3.013	7.432
3670155584	-4.327	2.897	7.331
3670155589	-4.389	2.815	7.295
3670155594	-4.458	2.758	7.324
3670155599	-4.56	2.712	7.395
3670155604	-4.691	2.668	7.458
3670155610	-4.813	2.63	7.494
3670155615	-4.916	2.611	7.524
3670155620	-4.965	2.638	7.545
3670155625	-4.94	2.715	7.523
3670155630	-4.816	2.813	7.483
3670155635	-4.592	2.945	7.419
3670155640	-4.277	3.129	7.301
3670155645	-3.865	3.325	7.129
3670155650	-3.365	3.51	6.948
3670155655	-2.835	3.721	6.75
3670155660	-2.305	3.952	6.543
3670155665	-1.775	4.185	6.337
3670155670	-1.259	4.427	6.15
3670155675	-0.783	4.676	5.993
3670155680	-0.359	4.914	5.875
3670155685	0.01	5.114	5.79
3670155690	0.292	5.259	5.772
3670155695	0.451	5.345	5.831
3670155700	0.464	5.368	5.939
3670155705	0.334	5.347	6.09
3670155710	0.078	5.293	6.294
3670155715	-0.27	5.226	6.542
3670155720	-0.655	5.167	6.815
3670155725	-1.011	5.144	7.128
3670155730	-1.294	5.133	7.452
3670155735	-1.489	5.13	7.758
3670155740	-1.594	5.126	8.038
3670155745	-1.636	5.122	8.28
3670155750	-1.65	5.109	8.468
3670155755	-1.658	5.102	8.642
3670155760	-1.674	5.116	8.802
3670155765	-1.684	5.154	8.946
3670155770	-1.663	5.189	9.066
3670155775	-1.587	5.215	9.157
3670155780	-1.471	5.223	9.21
3670155785	-1.324	5.215	9.231
3670155790	-1.16	5.194	9.221
3670155795	-1.012	5.187	9.194
3670155800	-0.916	5.212	9.164
3670155805	-0.878	5.268	9.121
3670155810	-0.906	5.318	9.072
3670155815	-0.989	5.365	9.024
3670155820	-1.119	5.405	8.968
3670155825	-1.282	5.417	8.894
3670155830	-1.45	5.416	8.805
3670155835	-1.609	5.416	8.704
3670155840	-1.763	5.402	8.577
3670155845	-1.901	5.371	8.429
3670155850	-2.021	5.311	8.272
3670155855	-2.137	5.238	8.124
3670155860	-2.267	5.171	7.995
3670155865	-2.419	5.119	7.897
3670155870	-2.599	5.074	7.844
3670155875	-2.804	5.048	7.837
3670155880	-2.997	5.014	7.837
3670155885	-3.092	4.984	7.901
3670155890	-3.053	4.969	8.028
3670155895	-2.915	4.996	8.197
3670155900	-2.676	5.073	8.386
3670155905	-2.345	5.208	8.625
3670155910	-2.009	5.365	8.813
3670155915	-1.727	5.496	8.943
3670155920	-1.468	5.579	8.997
3670155925	-1.203	5.666	9.013
3670155930	-0.959	5.732	8.96
3670155935	-0.745	5.737	8.875
3670155940	-0.567	5.739	8.74
3670155945	-0.433	5.758	8.597
3670155950	-0.392	5.744	8.445
3670155955	-0.43	5.693	8.303
3670155960	-0.518	5.658	8.169
3670155965	-0.636	5.613	8.078
3670155970	-0.775	5.549	8.046
3670155975	-0.926	5.462	8.064
3670155980	-1.092	5.37	8.145
3670155985	-1.272	5.272	8.289
3670155990	-1.449	5.185	8.482
3670155995	-1.593	5.106	8.697
3670156000	-1.673	5.031	8.915
3670156005	-1.739	4.961	9.127
3670156010	-1.783	4.906	9.333
3670156015	-1.794	4.864	9.525
3670156020	-1.793	4.824	9.665
3670156025	-1.754	4.803	9.75
3670156030	-1.65	4.8	9.778
3670156035	-1.496	4.793	9.737
3670156040	-1.302	4.771	9.636
3670156045	-1.079	4.746	9.515
3670156050	-0.851	4.716	9.459
3670156056	-0.619	4.692	9.459
3670156061	-0.413	4.687	9.478
3670156066	-0.236	4.709	9.497
3670156071	-0.097	4.751	9.511
3670156076	-0.022	4.779	9.448
3670156081	-0.003	4.776	9.339
3670156086	-0.018	4.739	9.241
3670156091	-0.068	4.666	9.157
3670156096	-0.133	4.575	9.078
3670156101	-0.217	4.509	8.991
3670156106	-0.306	4.47	8.883
3670156111	-0.388	4.466	8.749
3670156116	-0.471	4.487	8.612
3670156121	-0.563	4.523	8.505
3670156126	-0.656	4.567	8.445
3670156131	-0.752	4.629	8.432
3670156136	-0.85	4.7	8.471
3670156141	-0.918	4.772	8.576
3670156146	-0.948	4.827	8.709
3670156151	-0.947	4.838	8.845
3670156156	-0.91	4.797	8.994
3670156161	-0.864	4.72	9.131
3670156166	-0.841	4.623	9.223
3670156171	-0.855	4.517	9.288
3670156176	-0.891	4.417	9.338
3670156181	-0.946	4.338	9.364
3670156186	-1.018	4.273	9.372
3670156191	-1.098	4.217	9.373
3670156196	-1.179	4.168	9.361
3670156201	-1.265	4.135	9.337
3670156206	-1.362	4.11	9.302
3670156211	-1.443	4.098	9.27
3670156216	-1.503	4.1	9.232
3670156221	-1.534	4.106	9.181
3670156226	-1.523	4.108	9.127
3670156231	-1.476	4.109	9.069
3670156236	-1.415	4.118	8.983
3670156241	-1.364	4.134	8.9
3670156246	-1.318	4.16	8.845
3670156251	-1.302	4.192	8.811
3670156256	-1.304	4.218	8.798
3670156261	-1.316	4.225	8.799
3670156266	-1.316	4.207	8.785
3670156271	-1.32	4.166	8.726
3670156276	-1.327	4.12	8.615
3670156281	-1.358	4.067	8.467
3670156286	-1.411	4.021	8.299
3670156291	-1.474	3.992	8.114
3670156296	-1.544	3.993	7.92
3670156301	-1.619	4.007	7.719
3670156306	-1.684	4.033	7.521
3670156311	-1.729	4.063	7.336
3670156316	-1.773	4.093	7.168
3670156321	-1.807	4.118	7.032
3670156326	-1.814	4.156	6.937
3670156331	-1.817	4.203	6.865
3670156336	-1.813	4.262	6.842
3670156341	-1.789	4.329	6.888
3670156346	-1.757	4.401	7.009
3670156351	-1.71	4.461	7.203
3670156356	-1.632	4.513	7.458
3670156361	-1.528	4.542	7.748
3670156366	-1.419	4.535	8.057
3670156371	-1.299	4.503	8.376
3670156376	-1.199	4.463	8.688
3670156381	-1.135	4.427	9.007
3670156386	-1.109	4.393	9.32
3670156391	-1.112	4.365	9.629
3670156396	-1.144	4.356	9.914
3670156401	-1.19	4.334	10.167
3670156406	-1.237	4.285	10.37
3670156411	-1.272	4.235	10.515
3670156416	-1.267	4.164	10.62
3670156421	-1.202	4.058	10.676
3670156426	-1.073	3.955	10.665
3670156431	-0.862	3.824	10.616
3670156436	-0.614	3.667	10.534
3670156441	-0.373	3.546	10.39
3670156446	-0.174	3.472	10.205
3670156451	-0.016	3.409	10.014
3670156456	0.076	3.391	9.82
3670156461	0.097	3.412	9.625
3670156466	0.06	3.448	9.438
3670156471	-0.014	3.472	9.244
3670156476	-0.13	3.475	9.026
3670156481	-0.283	3.47	8.765
3670156486	-0.454	3.466	8.457
3670156491	-0.646	3.415	8.182
3670156496	-0.832	3.281	8.17
3670156502	-1.111	3.162	8.445
3670156507	-1.57	3.091	8.751
3670156512	-2.214	3.091	8.887
3670156517	-2.921	3.119	8.921
3670156522	-3.569	3.225	8.754
3670156527	-3.963	3.33	8.415
3670156532	-3.99	3.359	8.143
3670156537	-3.665	3.26	8.119
3670156542	-3.174	3.148	8.205
3670156547	-2.723	3.07	8.322
3670156552	-2.434	3.052	8.432
3670156557	-2.302	3.116	8.521
3670156562	-2.259	3.269	8.595
3670156567	-2.205	3.458	8.626
3670156572	-2.072	3.57	8.613
3670156577	-1.849	3.599	8.585
3670156582	-1.607	3.702	8.528
3670156587	-1.417	3.775	8.497
3670156592	-1.332	3.721	8.542
3670156597	-1.375	3.728	8.509
3670156602	-1.544	3.856	8.317
3670156607	-1.751	3.899	8.082
3670156612	-1.902	3.912	7.825
3670156617	-1.961	4.02	7.486
3670156622	-1.933	4.117	7.2
3670156627	-1.825	4.123	7.072
3670156632	-1.674	4.09	7.071
3670156637	-1.511	4.078	7.132
3670156642	-1.325	4.068	7.261
3670156647	-1.108	4.041	7.454
3670156652	-0.864	4.028	7.68
3670156657	-0.609	4.052	7.897
3670156662	-0.418	4.098	8.141
3670156667	-0.341	4.152	8.46
3670156672	-0.369	4.191	8.837
3670156677	-0.461	4.178	9.197
3670156682	-0.601	4.098	9.489
3670156687	-0.748	3.985	9.68
3670156692	-0.882	3.881	9.732
3670156697	-1.01	3.826	9.657
3670156702	-1.153	3.838	9.502
3670156707	-1.302	3.907	9.293
3670156712	-1.438	3.989	9.031
3670156717	-1.561	4.059	8.752
3670156722	-1.665	4.12	8.496
3670156727	-1.745	4.166	8.285
3670156732	-1.788	4.196	8.154
3670156737	-1.793	4.225	8.131
3670156742	-1.746	4.238	8.19
3670156747	-1.652	4.223	8.315
3670156752	-1.535	4.188	8.499
3670156757	-1.437	4.146	8.718
3670156762	-1.369	4.098	8.956
3670156767	-1.33	4.055	9.204
3670156772	-1.315	4.015	9.434
3670156777	-1.297	3.975	9.633
3670156782	-1.254	3.941	9.796
3670156787	-1.181	3.912	9.915
3670156792	-1.092	3.89	9.994
3670156797	-0.995	3.871	10.028
3670156802	-0.928	3.883	10.009
3670156807	-0.883	3.887	9.976
3670156812	-0.846	3.868	9.912
3670156817	-0.845	3.867	9.811
3670156822	-0.885	3.891	9.685
3670156827	-0.906	3.865	9.579
3670156832	-0.922	3.824	9.459
3670156837	-0.988	3.841	9.318
3670156842	-1.091	3.905	9.154
3670156847	-1.216	3.989	8.976
3670156852	-1.388	4.126	8.761
3670156857	-1.585	4.296	8.51
3670156862	-1.771	4.456	8.254
3670156867	-1.917	4.581	8.009
3670156872	-2.012	4.694	7.776
3670156877	-2.06	4.797	7.549
3670156882	-2.078	4.896	7.353
3670156887	-2.061	4.973	7.203
3670156892	-1.997	5.024	7.111
3670156897	-1.886	5.03	7.085
3670156902	-1.739	4.99	7.12
3670156907	-1.552	4.896	7.222
3670156912	-1.335	4.755	7.406
3670156917	-1.124	4.591	7.669
3670156922	-0.936	4.403	7.989
3670156927	-0.773	4.191	8.376
3670156932	-0.647	3.968	8.816
3670156937	-0.572	3.76	9.276
3670156942	-0.549	3.555	9.737
3670156948	-0.567	3.376	10.184
3670156953	-0.612	3.236	10.589
3670156958	-0.661	3.133	10.923
3670156963	-0.693	3.051	11.166
3670156968	-0.69	2.988	11.292
3670156973	-0.661	2.955	11.287
3670156978	-0.625	2.962	11.15
3670156983	-0.612	3.024	10.909
3670156988	-0.622	3.128	10.585
3670156993	-0.663	3.267	10.195
3670156998	-0.734	3.433	9.747
3670157003	-0.829	3.613	9.261
3670157008	-0.925	3.793	8.766
3670157013	-1.017	3.971	8.265
3670157018	-1.091	4.141	7.789
3670157023	-1.145	4.275	7.382
3670157028	-1.17	4.383	7.062
3670157033	-1.177	4.464	6.826
3670157038	-1.176	4.511	6.698
3670157043	-1.179	4.528	6.666
3670157048	-1.161	4.522	6.72
3670157053	-1.115	4.49	6.849
3670157058	-1.047	4.43	7.031
3670157063	-0.956	4.367	7.25
3670157068	-0.84	4.329	7.507
3670157073	-0.719	4.324	7.77
3670157078	-0.617	4.353	8.032
3670157083	-0.519	4.41	8.287
3670157088	-0.421	4.47	8.493
3670157093	-0.324	4.523	8.641
3670157098	-0.217	4.552	8.737
3670157103	-0.093	4.539	8.768
3670157108	0.018	4.488	8.763
3670157113	0.105	4.397	8.746
3670157118	0.159	4.28	8.725
3670157123	0.162	4.158	8.721
3670157128	0.126	4.073	8.744
3670157133	0.067	4.011	8.781
3670157138	0.002	3.978	8.872
3670157143	-0.056	3.942	9.027
3670157148	-0.098	3.904	9.246
3670157153	-0.142	3.86	9.513
3670157158	-0.195	3.81	9.788
3670157163	-0.259	3.745	10.013
3670157168	-0.301	3.673	10.151
3670157173	-0.3	3.589	10.199
3670157178	-0.209	3.475	10.177
3670157183	-0.027	3.361	10.109
3670157188	0.206	3.293	10.014
3670157193	0.421	3.303	9.908
3670157198	0.578	3.415	9.768
3670157203	0.566	3.663	9.572
3670157208	0.546	3.843	9.385
3670157213	0.545	3.889	9.181
3670157218	0.504	3.867	8.887
3670157223	0.443	3.758	8.521
3670157228	0.437	3.531	8.143
3670157233	0.349	3.378	7.719
3670157238	0.177	3.347	7.295
3670157243	-0.014	3.395	6.982
3670157248	-0.219	3.526	6.766
3670157253	-0.415	3.707	6.626
3670157258	-0.574	3.894	6.567
3670157263	-0.678	4.061	6.577
3670157268	-0.695	4.158	6.611
3670157273	-0.648	4.168	6.722
3670157278	-0.579	4.161	6.913
3670157283	-0.509	4.164	7.125
3670157288	-0.447	4.175	7.367
3670157293	-0.446	4.201	7.637
3670157298	-0.499	4.231	7.879
3670157303	-0.58	4.217	8.079
3670157308	-0.691	4.196	8.26
3670157313	-0.816	4.192	8.398
3670157318	-0.911	4.189	8.506
3670157323	-0.932	4.2	8.62
3670157328	-0.88	4.222	8.701
3670157333	-0.792	4.236	8.749
3670157338	-0.717	4.262	8.785
3670157343	-0.663	4.311	8.807
3670157348	-0.663	4.352	8.813
3670157353	-0.769	4.397	8.843
3670157358	-0.982	4.449	8.9
3670157363	-1.278	4.473	8.973
3670157368	-1.649	4.451	9.046
3670157373	-2.084	4.399	9.116
3670157378	-2.529	4.326	9.192
3670157383	-2.929	4.188	9.342
3670157389	-3.246	4.06	9.642
3670157394	-3.502	3.974	10.036
3670157399	-3.698	3.947	10.335
3670157404	-3.782	3.977	10.518
3670157409	-3.724	4.063	10.594
3670157414	-3.544	4.148	10.496
3670157419	-3.249	4.187	10.285
3670157424	-2.88	4.166	10.114
3670157429	-2.541	4.126	9.965
3670157434	-2.308	4.13	9.795
3670157439	-2.173	4.159	9.637
3670157444	-2.105	4.18	9.497
3670157449	-2.081	4.216	9.399
3670157454	-2.071	4.251	9.366
3670157459	-2.056	4.277	9.338
3670157464	-2.046	4.294	9.248
3670157469	-2.039	4.34	9.157
3670157474	-1.999	4.354	9.101
3670157479	-1.99	4.299	9.057
3670157484	-1.968	4.278	9.018
3670157489	-1.941	4.21	9.046
