3670117203	-0.916	6.142	4.739
3670117208	-0.916	6.114	4.776
3670117213	-0.956	6.099	4.81
3670117218	-1.032	6.075	4.881
3670117223	-1.204	6.092	4.953
3670117228	-1.456	6.136	5.023
3670117233	-1.77	6.182	5.106
3670117238	-2.121	6.212	5.2
3670117243	-2.488	6.21	5.298
3670117248	-2.871	6.167	5.419
3670117253	-3.252	6.108	5.561
3670117258	-3.633	6.063	5.714
3670117263	-4.008	6.05	5.885
3670117268	-4.373	6.081	6.08
3670117273	-4.732	6.152	6.294
3670117278	-5.084	6.237	6.521
3670117283	-5.374	6.302	6.752
3670117288	-5.572	6.315	6.961
3670117293	-5.645	6.259	7.121
3670117298	-5.567	6.133	7.227
3670117303	-5.349	5.957	7.287
3670117308	-5.057	5.766	7.301
3670117313	-4.751	5.604	7.287
3670117318	-4.489	5.496	7.242
3670117323	-4.289	5.438	7.168
3670117328	-4.153	5.434	7.069
3670117333	-4.069	5.47	6.955
3670117338	-4.017	5.513	6.837
3670117343	-3.973	5.534	6.735
3670117348	-3.94	5.516	6.634
3670117353	-3.921	5.475	6.527
3670117358	-3.904	5.425	6.456
3670117363	-3.909	5.368	6.446
3670117368	-3.961	5.317	6.485
3670117373	-4.044	5.303	6.575
3670117379	-4.149	5.328	6.704
3670117384	-4.278	5.36	6.841
3670117389	-4.405	5.405	6.972
3670117394	-4.497	5.461	7.066
3670117399	-4.567	5.496	7.117
3670117404	-4.633	5.502	7.12
3670117409	-4.736	5.546	7.073
3670117414	-4.871	5.617	6.943
3670117419	-5.029	5.698	6.789
3670117424	-5.177	5.777	6.653
3670117429	-5.269	5.815	6.532
3670117434	-5.246	5.756	6.421
3670117439	-5.121	5.641	6.315
3670117444	-4.929	5.521	6.173
3670117449	-4.696	5.431	5.997
3670117454	-4.458	5.393	5.833
3670117459	-4.235	5.407	5.687
3670117464	-4.033	5.449	5.587
3670117469	-3.839	5.472	5.551
3670117474	-3.66	5.463	5.559
3670117479	-3.576	5.413	5.577
3670117484	-3.595	5.358	5.57
3670117489	-3.651	5.344	5.535
3670117494	-3.745	5.395	5.513
3670117499	-3.88	5.509	5.523
3670117504	-3.971	5.655	5.578
3670117509	-3.983	5.782	5.647
3670117514	-3.937	5.85	5.719
3670117519	-3.804	5.834	5.766
3670117524	-3.594	5.714	5.778
3670117529	-3.399	5.617	5.766
3670117534	-3.34	5.657	5.739
3670117539	-3.408	5.783	5.745
3670117544	-3.579	5.97	5.818
3670117549	-3.813	6.221	5.93
3670117554	-4.028	6.43	6.024
3670117559	-4.14	6.504	6.122
3670117564	-4.216	6.511	6.189
3670117569	-4.307	6.481	6.211
3670117574	-4.426	6.424	6.222
3670117579	-4.557	6.351	6.283
3670117584	-4.739	6.322	6.398
3670117589	-4.974	6.279	6.442
3670117594	-5.225	6.184	6.427
3670117599	-5.465	6.058	6.422
3670117604	-5.699	5.919	6.419
3670117609	-5.838	5.686	6.484
3670117614	-5.864	5.393	6.682
3670117619	-5.8	5.063	6.934
3670117624	-5.704	4.649	7.053
3670117629	-5.571	4.186	6.963
3670117634	-5.42	3.8	6.705
3670117639	-5.24	3.52	6.409
3670117644	-5.052	3.364	6.131
3670117649	-4.827	3.379	5.971
3670117654	-4.581	3.524	6.0
3670117659	-4.314	3.668	6.115
3670117664	-4.034	3.787	6.213
3670117669	-3.872	4.044	6.261
3670117674	-3.796	4.476	6.248
3670117679	-3.721	4.984	6.147
3670117684	-3.681	5.535	5.962
3670117689	-3.685	6.164	5.719
3670117694	-3.606	6.645	5.434
3670117699	-3.532	6.909	5.21
3670117704	-3.559	7.001	5.129
3670117709	-3.642	6.959	5.168
3670117714	-3.784	6.766	5.308
3670117719	-3.993	6.523	5.489
3670117724	-4.21	6.268	5.57
3670117729	-4.401	6.05	5.485
3670117734	-4.59	5.87	5.303
3670117739	-4.739	5.687	5.083
3670117744	-4.8	5.477	4.97
3670117749	-4.773	5.248	5.066
3670117754	-4.677	5.012	5.353
3670117759	-4.532	4.803	5.728
3670117764	-4.373	4.661	6.121
3670117769	-4.242	4.603	6.428
3670117774	-4.143	4.61	6.598
3670117779	-4.052	4.669	6.667
3670117784	-3.953	4.755	6.68
3670117789	-3.835	4.859	6.687
3670117794	-3.686	4.963	6.692
3670117799	-3.516	5.066	6.685
3670117804	-3.348	5.185	6.66
3670117809	-3.191	5.315	6.607
3670117814	-3.043	5.443	6.517
3670117820	-2.9	5.562	6.402
3670117825	-2.759	5.677	6.284
3670117830	-2.629	5.786	6.169
3670117835	-2.503	5.89	6.089
3670117840	-2.364	5.986	6.04
3670117845	-2.2	6.062	6.021
3670117850	-2.034	6.184	6.006
3670117855	-1.884	6.342	6.001
3670117860	-1.752	6.506	6.021
3670117865	-1.666	6.661	6.066
3670117870	-1.629	6.811	6.132
3670117875	-1.63	6.885	6.241
3670117880	-1.641	6.886	6.388
3670117885	-1.668	6.852	6.527
3670117890	-1.706	6.802	6.66
3670117895	-1.773	6.759	6.798
3670117900	-1.868	6.738	6.94
3670117905	-1.987	6.752	7.083
3670117910	-2.122	6.795	7.237
3670117915	-2.27	6.868	7.408
3670117920	-2.413	6.954	7.586
3670117925	-2.536	7.052	7.758
3670117930	-2.633	7.159	7.923
3670117935	-2.696	7.26	8.07
3670117940	-2.724	7.343	8.184
3670117945	-2.703	7.404	8.268
3670117950	-2.637	7.405	8.323
3670117955	-2.545	7.349	8.355
3670117960	-2.454	7.261	8.379
3670117965	-2.372	7.18	8.436
3670117970	-2.32	7.118	8.527
3670117975	-2.305	7.086	8.657
3670117980	-2.314	7.073	8.81
3670117985	-2.325	7.044	8.969
3670117990	-2.329	6.97	9.111
3670117995	-2.334	6.858	9.231
3670118000	-2.346	6.722	9.317
3670118005	-2.367	6.576	9.387
3670118010	-2.401	6.449	9.462
3670118015	-2.439	6.334	9.545
3670118020	-2.468	6.235	9.637
3670118025	-2.465	6.142	9.724
3670118030	-2.431	6.054	9.783
3670118035	-2.363	5.96	9.787
3670118040	-2.271	5.879	9.727
3670118045	-2.168	5.804	9.613
3670118050	-2.08	5.741	9.469
3670118055	-2.007	5.696	9.31
3670118060	-1.961	5.696	9.181
3670118065	-1.931	5.733	9.078
3670118070	-1.899	5.787	8.976
3670118075	-1.848	5.849	8.856
3670118080	-1.766	5.889	8.716
3670118085	-1.652	5.878	8.537
3670118090	-1.528	5.824	8.336
3670118095	-1.406	5.742	8.12
3670118100	-1.301	5.646	7.924
3670118105	-1.231	5.556	7.737
3670118110	-1.189	5.488	7.554
3670118115	-1.167	5.437	7.364
3670118120	-1.154	5.401	7.184
3670118125	-1.15	5.382	7.003
3670118130	-1.153	5.365	6.843
3670118135	-1.16	5.356	6.699
3670118140	-1.167	5.349	6.574
3670118145	-1.192	5.339	6.468
3670118150	-1.226	5.331	6.386
3670118155	-1.265	5.325	6.32
3670118160	-1.314	5.316	6.282
3670118165	-1.376	5.317	6.292
3670118170	-1.432	5.335	6.333
3670118175	-1.489	5.35	6.396
3670118180	-1.539	5.375	6.483
3670118185	-1.56	5.4	6.592
3670118190	-1.559	5.417	6.702
3670118195	-1.536	5.424	6.824
3670118200	-1.467	5.435	6.958
3670118205	-1.36	5.437	7.099
3670118210	-1.209	5.437	7.246
3670118215	-1.009	5.43	7.411
3670118220	-0.773	5.418	7.591
3670118225	-0.51	5.395	7.768
3670118230	-0.201	5.367	7.927
3670118235	0.124	5.326	8.056
3670118240	0.469	5.271	8.125
3670118245	0.841	5.209	8.122
3670118250	1.222	5.151	8.065
3670118255	1.583	5.123	7.947
3670118261	1.918	5.115	7.788
3670118266	2.192	5.132	7.602
3670118271	2.374	5.173	7.404
3670118276	2.463	5.231	7.191
3670118281	2.444	5.295	6.986
3670118286	2.312	5.389	6.79
3670118291	2.087	5.515	6.633
3670118296	1.799	5.661	6.525
3670118301	1.48	5.8	6.48
3670118306	1.16	5.947	6.49
3670118311	0.85	6.117	6.553
3670118316	0.554	6.296	6.64
3670118321	0.271	6.491	6.739
3670118326	0.0	6.717	6.846
3670118331	-0.244	6.936	6.964
3670118336	-0.458	7.108	7.084
3670118341	-0.623	7.227	7.211
3670118346	-0.72	7.251	7.373
3670118351	-0.76	7.183	7.57
3670118356	-0.761	7.031	7.795
3670118361	-0.726	6.821	8.056
3670118366	-0.676	6.583	8.374
3670118371	-0.645	6.361	8.712
3670118376	-0.653	6.152	9.066
3670118381	-0.701	5.961	9.44
3670118386	-0.794	5.788	9.813
3670118391	-0.918	5.627	10.14
3670118396	-1.059	5.486	10.42
3670118401	-1.21	5.388	10.645
3670118406	-1.355	5.336	10.8
3670118411	-1.463	5.325	10.886
3670118416	-1.529	5.354	10.913
3670118421	-1.548	5.403	10.881
3670118426	-1.512	5.457	10.782
3670118431	-1.432	5.512	10.634
3670118436	-1.317	5.564	10.458
3670118441	-1.174	5.604	10.266
3670118446	-1.01	5.636	10.074
3670118451	-0.821	5.656	9.899
3670118456	-0.615	5.659	9.76
3670118461	-0.395	5.638	9.652
3670118466	-0.162	5.599	9.568
3670118471	0.084	5.542	9.504
3670118476	0.338	5.465	9.458
3670118481	0.597	5.383	9.386
3670118486	0.864	5.311	9.277
3670118491	1.137	5.234	9.138
3670118496	1.408	5.153	8.963
3670118501	1.654	5.096	8.764
3670118506	1.881	5.047	8.575
3670118511	2.048	5.009	8.385
3670118516	2.141	4.983	8.181
3670118521	2.161	4.975	7.961
3670118526	2.12	4.965	7.712
3670118531	2.016	4.956	7.43
3670118536	1.873	4.944	7.131
3670118541	1.693	4.941	6.839
3670118546	1.492	4.945	6.56
3670118551	1.281	4.953	6.296
3670118556	1.068	4.967	6.043
3670118561	0.862	4.994	5.792
3670118566	0.68	5.029	5.548
3670118571	0.517	5.084	5.317
3670118576	0.377	5.157	5.124
3670118581	0.26	5.252	4.97
3670118586	0.168	5.35	4.847
3670118591	0.097	5.449	4.749
3670118596	0.032	5.529	4.675
3670118601	-0.039	5.595	4.609
3670118606	-0.13	5.645	4.554
3670118611	-0.248	5.702	4.546
3670118616	-0.406	5.759	4.581
3670118621	-0.594	5.835	4.66
3670118626	-0.808	5.915	4.765
3670118631	-1.032	6.004	4.908
3670118636	-1.251	6.095	5.079
3670118641	-1.449	6.195	5.279
3670118646	-1.618	6.284	5.521
3670118651	-1.753	6.37	5.832
3670118656	-1.856	6.44	6.192
3670118661	-1.919	6.486	6.582
3670118666	-1.954	6.5	7.008
3670118671	-1.96	6.479	7.436
3670118676	-1.941	6.43	7.846
3670118681	-1.903	6.364	8.25
3670118686	-1.854	6.288	8.657
3670118691	-1.782	6.219	9.06
3670118696	-1.694	6.167	9.459
3670118702	-1.587	6.127	9.839
3670118707	-1.459	6.096	10.179
3670118712	-1.312	6.058	10.473
3670118717	-1.15	6.018	10.719
3670118722	-0.97	5.965	10.905
3670118727	-0.777	5.895	11.031
3670118732	-0.573	5.812	11.088
3670118737	-0.36	5.73	11.057
3670118742	-0.154	5.643	10.917
3670118747	0.041	5.559	10.681
3670118752	0.214	5.492	10.353
3670118757	0.355	5.439	9.961
3670118762	0.459	5.414	9.523
3670118767	0.531	5.417	9.056
3670118772	0.574	5.443	8.573
3670118777	0.594	5.496	8.085
3670118782	0.604	5.566	7.592
3670118787	0.601	5.634	7.112
3670118792	0.587	5.684	6.65
3670118797	0.556	5.726	6.224
3670118802	0.507	5.754	5.842
3670118807	0.436	5.771	5.51
3670118812	0.349	5.794	5.238
3670118817	0.246	5.825	5.038
3670118822	0.135	5.861	4.903
3670118827	0.028	5.901	4.839
3670118832	-0.066	5.945	4.83
3670118837	-0.141	5.977	4.881
3670118842	-0.193	5.995	4.994
3670118847	-0.219	6.003	5.171
3670118852	-0.224	6.002	5.405
3670118857	-0.212	5.996	5.714
3670118862	-0.191	5.989	6.089
3670118867	-0.158	5.988	6.509
3670118872	-0.122	5.973	6.944
3670118877	-0.086	5.958	7.385
3670118882	-0.049	5.946	7.821
3670118887	-0.001	5.923	8.228
3670118892	0.051	5.889	8.589
3670118897	0.108	5.854	8.916
3670118902	0.165	5.807	9.196
3670118907	0.218	5.75	9.423
3670118912	0.253	5.7	9.59
3670118917	0.276	5.66	9.71
3670118922	0.287	5.64	9.784
3670118927	0.296	5.634	9.806
3670118932	0.315	5.63	9.779
3670118937	0.344	5.618	9.703
3670118942	0.378	5.604	9.582
3670118947	0.414	5.583	9.429
3670118952	0.453	5.552	9.252
3670118957	0.481	5.519	9.065
3670118962	0.499	5.489	8.884
3670118967	0.496	5.463	8.707
3670118972	0.482	5.431	8.529
3670118977	0.454	5.397	8.355
3670118982	0.395	5.367	8.181
3670118987	0.3	5.34	8.015
3670118992	0.191	5.31	7.871
3670118997	0.063	5.288	7.741
3670119002	-0.069	5.28	7.632
3670119007	-0.191	5.271	7.544
3670119012	-0.297	5.264	7.465
3670119017	-0.384	5.268	7.392
3670119022	-0.451	5.272	7.329
3670119027	-0.514	5.28	7.281
3670119032	-0.555	5.292	7.254
3670119037	-0.56	5.308	7.251
3670119042	-0.541	5.318	7.27
3670119047	-0.493	5.329	7.323
3670119052	-0.405	5.326	7.402
3670119057	-0.301	5.319	7.51
3670119062	-0.184	5.312	7.639
3670119067	-0.052	5.302	7.796
3670119072	0.088	5.29	7.964
3670119077	0.218	5.286	8.134
3670119082	0.337	5.29	8.296
3670119087	0.447	5.299	8.454
3670119092	0.54	5.318	8.59
3670119097	0.625	5.341	8.707
3670119102	0.706	5.368	8.792
3670119107	0.785	5.395	8.837
3670119112	0.846	5.424	8.85
3670119117	0.895	5.448	8.823
3670119122	0.924	5.474	8.76
3670119127	0.94	5.5	8.676
3670119132	0.947	5.521	8.565
3670119138	0.964	5.536	8.424
3670119143	0.981	5.554	8.265
3670119148	0.992	5.57	8.09
3670119153	0.996	5.591	7.91
3670119158	0.997	5.615	7.741
3670119163	0.975	5.646	7.586
3670119168	0.949	5.671	7.459
3670119173	0.915	5.693	7.372
3670119178	0.875	5.709	7.314
3670119183	0.838	5.725	7.283
3670119188	0.807	5.726	7.284
3670119193	0.773	5.725	7.317
3670119198	0.741	5.729	7.368
3670119203	0.717	5.72	7.45
3670119208	0.688	5.702	7.565
3670119213	0.661	5.681	7.689
3670119218	0.637	5.65	7.804
3670119223	0.614	5.602	7.915
3670119228	0.584	5.552	8.005
3670119233	0.553	5.505	8.08
3670119238	0.52	5.462	8.157
3670119243	0.473	5.427	8.237
3670119248	0.416	5.403	8.31
3670119253	0.361	5.382	8.388
3670119258	0.307	5.356	8.472
3670119263	0.261	5.326	8.543
3670119268	0.235	5.289	8.605
3670119273	0.225	5.243	8.669
3670119278	0.225	5.2	8.731
3670119283	0.237	5.161	8.769
3670119288	0.255	5.131	8.802
3670119293	0.274	5.114	8.828
3670119298	0.302	5.105	8.829
3670119303	0.334	5.104	8.796
3670119308	0.353	5.109	8.745
3670119313	0.37	5.112	8.668
3670119318	0.388	5.117	8.576
3670119323	0.398	5.131	8.484
3670119328	0.403	5.151	8.403
3670119333	0.42	5.172	8.315
3670119338	0.431	5.195	8.225
3670119343	0.44	5.209	8.127
3670119348	0.449	5.209	8.02
3670119353	0.465	5.206	7.915
3670119358	0.475	5.209	7.831
3670119363	0.489	5.223	7.761
3670119368	0.493	5.252	7.715
3670119373	0.497	5.293	7.69
3670119378	0.5	5.334	7.682
3670119383	0.509	5.363	7.678
3670119388	0.525	5.377	7.67
3670119393	0.555	5.37	7.662
3670119398	0.588	5.36	7.65
3670119403	0.618	5.347	7.634
3670119408	0.643	5.334	7.622
3670119413	0.658	5.321	7.62
3670119418	0.663	5.319	7.593
3670119423	0.664	5.319	7.555
3670119428	0.657	5.323	7.501
3670119433	0.64	5.333	7.429
3670119438	0.616	5.356	7.351
3670119443	0.593	5.388	7.298
3670119448	0.563	5.424	7.267
3670119453	0.533	5.456	7.253
3670119458	0.512	5.484	7.256
3670119463	0.5	5.504	7.274
3670119468	0.501	5.509	7.306
3670119473	0.511	5.505	7.344
3670119478	0.54	5.507	7.399
3670119483	0.574	5.509	7.468
3670119488	0.61	5.516	7.549
3670119493	0.64	5.535	7.631
3670119498	0.665	5.56	7.716
3670119503	0.674	5.587	7.809
3670119508	0.675	5.61	7.908
3670119513	0.674	5.626	8.002
3670119518	0.674	5.633	8.098
3670119523	0.673	5.631	8.199
3670119528	0.666	5.612	8.285
3670119533	0.658	5.598	8.348
3670119538	0.637	5.586	8.398
3670119543	0.582	5.584	8.456
3670119548	0.505	5.597	8.512
3670119553	0.409	5.627	8.568
3670119558	0.306	5.664	8.634
3670119563	0.209	5.702	8.694
3670119568	0.138	5.725	8.721
3670119573	0.105	5.734	8.714
3670119579	0.107	5.735	8.691
3670119584	0.12	5.727	8.644
3670119589	0.144	5.726	8.595
3670119594	0.172	5.73	8.541
3670119599	0.202	5.739	8.49
3670119604	0.232	5.751	8.437
3670119609	0.281	5.769	8.399
3670119614	0.328	5.776	8.37
3670119619	0.391	5.79	8.352
3670119624	0.458	5.794	8.34
3670119629	0.527	5.777	8.335
3670119634	0.603	5.75	8.334
3670119639	0.692	5.713	8.328
3670119644	0.773	5.663	8.323
3670119649	0.84	5.623	8.316
3670119654	0.896	5.599	8.304
3670119659	0.921	5.586	8.285
3670119664	0.915	5.586	8.258
3670119669	0.893	5.589	8.228
3670119674	0.87	5.592	8.186
3670119679	0.846	5.588	8.136
3670119684	0.832	5.575	8.071
3670119689	0.832	5.555	8.002
3670119694	0.843	5.532	7.924
3670119699	0.856	5.507	7.856
3670119704	0.87	5.484	7.79
3670119709	0.885	5.462	7.72
3670119714	0.901	5.442	7.652
3670119719	0.921	5.426	7.598
3670119724	0.941	5.41	7.544
3670119729	0.951	5.399	7.503
3670119734	0.955	5.386	7.485
3670119739	0.947	5.383	7.478
3670119744	0.926	5.39	7.476
3670119749	0.898	5.394	7.475
3670119754	0.88	5.39	7.466
3670119759	0.864	5.402	7.448
3670119764	0.856	5.413	7.432
3670119769	0.852	5.435	7.429
3670119774	0.853	5.474	7.435
3670119779	0.855	5.522	7.437
3670119784	0.855	5.56	7.441
3670119789	0.856	5.587	7.43
3670119794	0.866	5.588	7.389
3670119799	0.87	5.578	7.329
3670119804	0.867	5.568	7.273
3670119809	0.85	5.57	7.229
3670119814	0.806	5.594	7.198
3670119819	0.742	5.632	7.191
3670119824	0.668	5.676	7.207
3670119829	0.59	5.725	7.24
3670119834	0.525	5.751	7.277
3670119839	0.475	5.752	7.327
3670119844	0.434	5.745	7.382
3670119849	0.396	5.738	7.439
3670119854	0.361	5.729	7.504
3670119859	0.324	5.733	7.573
3670119864	0.294	5.752	7.642
3670119869	0.272	5.77	7.702
3670119874	0.257	5.783	7.757
3670119879	0.249	5.792	7.796
3670119884	0.249	5.796	7.818
3670119889	0.25	5.792	7.82
3670119894	0.248	5.794	7.807
3670119899	0.256	5.792	7.782
3670119904	0.263	5.786	7.749
3670119909	0.268	5.784	7.716
3670119914	0.276	5.78	7.674
3670119919	0.277	5.774	7.639
3670119924	0.274	5.773	7.611
3670119929	0.263	5.775	7.578
3670119934	0.246	5.777	7.535
3670119939	0.222	5.779	7.504
3670119944	0.204	5.784	7.475
3670119949	0.177	5.791	7.451
3670119954	0.156	5.808	7.436
3670119959	0.132	5.831	7.43
3670119964	0.101	5.86	7.438
3670119969	0.063	5.886	7.46
3670119974	0.042	5.908	7.498
3670119979	0.019	5.916	7.557
3670119984	0.011	5.904	7.639
3670119989	0.02	5.881	7.723
3670119994	0.052	5.85	7.814
3670119999	0.095	5.81	7.901
3670120004	0.141	5.766	7.981
3670120009	0.184	5.738	8.064
3670120014	0.224	5.721	8.161
3670120020	0.251	5.722	8.249
3670120025	0.258	5.742	8.326
3670120030	0.266	5.766	8.39
3670120035	0.284	5.785	8.436
3670120040	0.305	5.8	8.45
3670120045	0.332	5.805	8.45
3670120050	0.371	5.81	8.449
3670120055	0.408	5.823	8.453
3670120060	0.445	5.842	8.454
3670120065	0.482	5.869	8.465
3670120070	0.518	5.9	8.497
3670120075	0.557	5.92	8.544
3670120080	0.602	5.927	8.613
3670120085	0.649	5.917	8.707
3670120090	0.7	5.882	8.82
3670120095	0.746	5.828	8.926
3670120100	0.789	5.752	9.024
3670120105	0.827	5.661	9.108
3670120110	0.854	5.558	9.17
3670120115	0.879	5.452	9.202
3670120120	0.905	5.326	9.209
3670120125	0.93	5.205	9.173
3670120130	0.953	5.087	9.077
3670120135	0.973	4.973	8.932
3670120140	0.982	4.877	8.744
3670120145	0.98	4.806	8.512
3670120150	0.96	4.771	8.252
3670120155	0.927	4.76	7.972
3670120160	0.881	4.785	7.681
3670120165	0.821	4.831	7.383
3670120170	0.743	4.894	7.082
3670120175	0.656	4.949	6.799
3670120180	0.556	5.004	6.538
3670120185	0.432	5.054	6.309
3670120190	0.279	5.112	6.118
3670120195	0.114	5.183	5.989
3670120200	-0.061	5.274	5.907
3670120205	-0.239	5.379	5.885
3670120210	-0.394	5.494	5.919
3670120215	-0.507	5.592	5.999
3670120220	-0.582	5.669	6.119
3670120225	-0.62	5.726	6.28
3670120230	-0.617	5.762	6.472
3670120235	-0.585	5.771	6.696
3670120240	-0.525	5.778	6.943
3670120245	-0.443	5.785	7.198
3670120250	-0.349	5.785	7.457
3670120255	-0.247	5.79	7.718
3670120260	-0.135	5.797	7.957
3670120265	-0.024	5.798	8.193
3670120270	0.087	5.791	8.421
3670120275	0.196	5.778	8.622
3670120280	0.299	5.758	8.788
3670120285	0.386	5.741	8.915
3670120290	0.444	5.73	8.982
3670120295	0.473	5.734	8.999
3670120300	0.471	5.766	8.991
3670120305	0.438	5.816	8.956
3670120310	0.376	5.893	8.914
3670120315	0.294	5.985	8.867
3670120320	0.207	6.073	8.81
3670120325	0.123	6.144	8.739
3670120330	0.057	6.198	8.663
3670120335	0.018	6.208	8.582
3670120340	0.009	6.189	8.509
3670120345	0.017	6.165	8.448
3670120350	0.044	6.137	8.402
3670120355	0.076	6.107	8.362
3670120360	0.118	6.094	8.324
3670120365	0.176	6.083	8.292
3670120370	0.243	6.068	8.255
3670120375	0.305	6.051	8.219
3670120380	0.364	6.038	8.182
3670120385	0.405	6.023	8.148
3670120390	0.427	6.017	8.098
3670120395	0.439	6.015	8.032
3670120400	0.451	6.016	7.958
3670120405	0.46	6.005	7.877
3670120410	0.469	5.995	7.779
3670120415	0.464	5.979	7.674
3670120420	0.446	5.966	7.574
3670120425	0.412	5.949	7.465
3670120430	0.361	5.938	7.363
3670120435	0.306	5.93	7.284
3670120440	0.25	5.928	7.217
3670120445	0.201	5.919	7.155
3670120450	0.162	5.908	7.098
3670120455	0.136	5.894	7.054
3670120461	0.115	5.875	7.013
3670120466	0.102	5.858	6.993
3670120471	0.098	5.851	6.995
3670120476	0.09	5.846	7.018
3670120481	0.079	5.842	7.039
3670120486	0.072	5.836	7.059
3670120491	0.068	5.813	7.071
3670120496	0.054	5.783	7.073
3670120501	0.046	5.745	7.068
3670120506	0.035	5.715	7.056
3670120511	0.015	5.692	7.036
3670120516	-0.011	5.689	7.01
3670120521	-0.045	5.696	6.974
3670120526	-0.086	5.729	6.931
3670120531	-0.128	5.769	6.888
3670120536	-0.165	5.806	6.844
3670120541	-0.204	5.841	6.796
3670120546	-0.23	5.868	6.743
3670120551	-0.251	5.891	6.693
3670120556	-0.267	5.918	6.65
3670120561	-0.281	5.951	6.615
3670120566	-0.291	5.999	6.578
3670120571	-0.302	6.05	6.548
3670120576	-0.31	6.091	6.517
3670120581	-0.313	6.124	6.47
3670120586	-0.302	6.148	6.428
3670120591	-0.289	6.153	6.394
3670120596	-0.276	6.153	6.368
3670120601	-0.266	6.165	6.348
3670120606	-0.267	6.172	6.339
3670120611	-0.291	6.184	6.332
3670120616	-0.322	6.191	6.336
3670120621	-0.358	6.2	6.347
3670120626	-0.402	6.201	6.371
3670120631	-0.447	6.205	6.416
3670120636	-0.496	6.21	6.478
3670120641	-0.554	6.226	6.557
3670120646	-0.616	6.238	6.652
3670120651	-0.683	6.255	6.761
3670120656	-0.757	6.269	6.879
3670120661	-0.825	6.278	7.005
3670120666	-0.891	6.28	7.134
3670120671	-0.951	6.287	7.261
3670120676	-1.005	6.295	7.388
3670120681	-1.055	6.311	7.506
3670120686	-1.103	6.327	7.63
3670120691	-1.133	6.345	7.751
3670120696	-1.157	6.358	7.875
3670120701	-1.165	6.364	7.99
3670120706	-1.158	6.366	8.111
3670120711	-1.121	6.361	8.219
3670120716	-1.07	6.351	8.333
3670120721	-1.005	6.338	8.43
3670120726	-0.937	6.317	8.528
3670120731	-0.853	6.295	8.612
3670120736	-0.778	6.281	8.673
3670120741	-0.714	6.264	8.706
3670120746	-0.659	6.251	8.726
3670120751	-0.611	6.247	8.723
3670120756	-0.579	6.241	8.709
3670120761	-0.548	6.23	8.695
3670120766	-0.526	6.226	8.673
3670120771	-0.504	6.215	8.644
3670120776	-0.478	6.196	8.599
3670120781	-0.45	6.179	8.532
3670120786	-0.421	6.173	8.442
3670120791	-0.381	6.169	8.346
3670120796	-0.339	6.167	8.243
3670120801	-0.29	6.175	8.15
3670120806	-0.228	6.188	8.06
3670120811	-0.157	6.194	7.969
3670120816	-0.084	6.196	7.869
3670120821	-0.0	6.194	7.768
3670120826	0.088	6.181	7.663
3670120831	0.172	6.163	7.565
3670120836	0.258	6.147	7.469
3670120841	0.345	6.133	7.381
3670120846	0.429	6.128	7.293
3670120851	0.506	6.127	7.201
3670120856	0.578	6.119	7.109
3670120861	0.631	6.099	7.015
3670120866	0.671	6.063	6.922
3670120871	0.691	6.019	6.833
3670120876	0.688	5.974	6.749
3670120881	0.657	5.927	6.661
3670120886	0.596	5.884	6.583
3670120891	0.509	5.855	6.512
3670120896	0.396	5.83	6.447
3670120901	0.267	5.812	6.397
3670120907	0.131	5.808	6.366
3670120912	-0.009	5.818	6.354
3670120917	-0.141	5.83	6.361
3670120922	-0.262	5.852	6.377
3670120927	-0.362	5.875	6.416
3670120932	-0.452	5.895	6.467
3670120937	-0.52	5.914	6.525
3670120942	-0.572	5.929	6.592
3670120947	-0.604	5.933	6.664
3670120952	-0.626	5.94	6.738
3670120957	-0.631	5.96	6.817
3670120962	-0.63	5.986	6.902
3670120967	-0.621	6.014	6.984
3670120972	-0.612	6.049	7.062
3670120977	-0.605	6.085	7.129
3670120982	-0.6	6.107	7.184
3670120987	-0.588	6.126	7.232
3670120992	-0.582	6.142	7.289
3670120997	-0.571	6.161	7.35
3670121002	-0.553	6.175	7.41
3670121007	-0.54	6.185	7.465
3670121012	-0.537	6.189	7.516
3670121017	-0.536	6.193	7.56
3670121022	-0.547	6.194	7.609
3670121027	-0.579	6.195	7.667
3670121032	-0.616	6.198	7.737
3670121037	-0.658	6.204	7.812
3670121042	-0.712	6.217	7.891
3670121047	-0.773	6.218	7.964
3670121052	-0.829	6.211	8.034
3670121057	-0.885	6.2	8.112
3670121062	-0.937	6.185	8.195
3670121067	-0.978	6.167	8.279
3670121072	-1.003	6.153	8.376
3670121077	-1.02	6.147	8.468
3670121082	-1.019	6.14	8.541
3670121087	-1.006	6.125	8.596
3670121092	-0.979	6.101	8.628
3670121097	-0.942	6.082	8.632
3670121102	-0.905	6.059	8.615
3670121107	-0.872	6.049	8.589
3670121112	-0.834	6.053	8.562
3670121117	-0.795	6.074	8.527
3670121122	-0.753	6.092	8.472
3670121127	-0.701	6.116	8.412
3670121132	-0.634	6.131	8.331
3670121137	-0.571	6.132	8.22
3670121142	-0.515	6.12	8.09
3670121147	-0.468	6.101	7.96
3670121152	-0.427	6.074	7.822
3670121157	-0.402	6.045	7.697
3670121162	-0.381	6.025	7.578
3670121167	-0.362	6.008	7.47
3670121172	-0.348	6.003	7.381
3670121177	-0.347	5.993	7.319
3670121182	-0.343	5.98	7.281
3670121187	-0.342	5.959	7.264
3670121192	-0.341	5.932	7.266
3670121197	-0.342	5.89	7.274
3670121202	-0.34	5.857	7.291
3670121207	-0.343	5.835	7.303
3670121212	-0.349	5.823	7.315
3670121217	-0.363	5.826	7.32
3670121222	-0.38	5.839	7.315
3670121227	-0.395	5.863	7.28
3670121232	-0.422	5.894	7.228
3670121237	-0.456	5.938	7.165
3670121242	-0.488	5.987	7.101
3670121247	-0.52	6.048	7.035
3670121252	-0.553	6.109	6.982
3670121257	-0.58	6.16	6.941
3670121262	-0.601	6.202	6.912
3670121267	-0.624	6.229	6.908
3670121272	-0.65	6.241	6.927
3670121277	-0.675	6.239	6.969
3670121282	-0.699	6.231	7.03
3670121287	-0.718	6.212	7.1
3670121292	-0.728	6.198	7.168
3670121297	-0.729	6.187	7.243
3670121302	-0.729	6.183	7.303
3670121307	-0.72	6.174	7.359
3670121312	-0.705	6.17	7.414
3670121317	-0.691	6.16	7.461
3670121322	-0.674	6.144	7.499
3670121327	-0.659	6.123	7.532
3670121332	-0.653	6.1	7.546
3670121337	-0.659	6.065	7.541
3670121342	-0.682	6.024	7.522
3670121348	-0.726	5.979	7.488
3670121353	-0.78	5.929	7.442
3670121358	-0.845	5.879	7.383
3670121363	-0.915	5.841	7.318
3670121368	-0.978	5.805	7.233
3670121373	-1.033	5.767	7.131
3670121378	-1.074	5.73	7.008
3670121383	-1.089	5.701	6.878
3670121388	-1.103	5.66	6.742
3670121393	-1.11	5.636	6.612
3670121398	-1.114	5.634	6.484
3670121403	-1.118	5.648	6.38
3670121408	-1.126	5.665	6.291
3670121413	-1.105	5.686	6.214
3670121418	-1.062	5.69	6.152
3670121423	-1.006	5.688	6.111
3670121428	-0.938	5.692	6.088
3670121433	-0.858	5.705	6.092
3670121438	-0.783	5.735	6.122
3670121443	-0.714	5.778	6.176
3670121448	-0.639	5.822	6.247
3670121453	-0.565	5.853	6.33
3670121458	-0.5	5.876	6.4
3670121463	-0.449	5.896	6.468
3670121468	-0.419	5.918	6.523
3670121473	-0.429	5.942	6.562
3670121478	-0.47	5.986	6.585
3670121483	-0.534	6.046	6.617
3670121488	-0.627	6.114	6.646
3670121493	-0.737	6.181	6.674
3670121498	-0.84	6.254	6.699
3670121503	-0.939	6.307	6.725
3670121508	-1.038	6.35	6.753
3670121513	-1.127	6.38	6.795
3670121518	-1.194	6.412	6.862
3670121523	-1.262	6.437	6.971
3670121528	-1.33	6.478	7.129
3670121533	-1.386	6.527	7.32
3670121538	-1.435	6.584	7.529
3670121543	-1.481	6.626	7.763
3670121548	-1.51	6.656	8.003
3670121553	-1.526	6.665	8.237
3670121558	-1.531	6.651	8.473
3670121563	-1.525	6.618	8.706
3670121568	-1.512	6.589	8.917
3670121573	-1.503	6.562	9.102
3670121578	-1.486	6.531	9.262
3670121583	-1.475	6.495	9.401
3670121588	-1.466	6.463	9.521
3670121593	-1.472	6.423	9.625
3670121598	-1.479	6.376	9.705
3670121603	-1.499	6.331	9.755
3670121608	-1.528	6.28	9.772
3670121613	-1.571	6.229	9.75
3670121618	-1.611	6.181	9.696
3670121623	-1.655	6.131	9.626
3670121628	-1.698	6.083	9.536
3670121633	-1.733	6.044	9.417
3670121638	-1.759	6.008	9.288
3670121643	-1.777	5.979	9.148
3670121648	-1.787	5.955	9.0
3670121653	-1.786	5.927	8.842
3670121658	-1.785	5.903	8.694
3670121663	-1.783	5.881	8.546
3670121668	-1.793	5.855	8.4
3670121673	-1.802	5.839	8.264
3670121678	-1.808	5.831	8.145
3670121683	-1.809	5.826	8.037
3670121688	-1.797	5.821	7.942
3670121693	-1.76	5.81	7.863
3670121698	-1.716	5.78	7.794
3670121703	-1.67	5.749	7.745
3670121708	-1.627	5.719	7.711
3670121713	-1.591	5.687	7.687
3670121718	-1.565	5.657	7.663
3670121723	-1.536	5.645	7.626
3670121728	-1.51	5.636	7.566
3670121733	-1.48	5.624	7.486
3670121738	-1.458	5.616	7.387
3670121743	-1.447	5.617	7.276
3670121748	-1.469	5.624	7.165
3670121753	-1.518	5.643	7.062
3670121758	-1.604	5.667	6.966
3670121763	-1.716	5.701	6.886
3670121768	-1.845	5.735	6.828
3670121773	-1.986	5.753	6.791
3670121778	-2.12	5.755	6.781
3670121784	-2.232	5.752	6.802
3670121789	-2.328	5.736	6.874
3670121794	-2.4	5.736	7.014
3670121799	-2.441	5.759	7.217
3670121804	-2.457	5.774	7.458
3670121809	-2.452	5.771	7.728
3670121814	-2.413	5.747	7.999
3670121819	-2.359	5.677	8.25
3670121824	-2.295	5.575	8.478
3670121829	-2.241	5.472	8.695
3670121834	-2.203	5.385	8.877
3670121839	-2.183	5.326	9.007
3670121844	-2.18	5.307	9.082
3670121849	-2.192	5.306	9.122
3670121854	-2.194	5.316	9.131
3670121859	-2.192	5.335	9.135
3670121864	-2.183	5.368	9.145
3670121869	-2.163	5.396	9.138
3670121874	-2.119	5.423	9.091
3670121879	-2.052	5.451	9.003
3670121884	-1.963	5.465	8.876
3670121889	-1.863	5.46	8.721
3670121894	-1.769	5.444	8.571
3670121899	-1.69	5.434	8.437
3670121904	-1.647	5.432	8.311
3670121909	-1.638	5.43	8.19
3670121914	-1.656	5.42	8.078
3670121919	-1.688	5.41	7.978
3670121924	-1.724	5.381	7.907
3670121929	-1.755	5.338	7.863
3670121934	-1.767	5.288	7.856
3670121939	-1.749	5.236	7.876
3670121944	-1.692	5.173	7.91
3670121949	-1.596	5.107	7.94
3670121954	-1.464	5.042	7.978
3670121959	-1.297	4.973	8.013
3670121964	-1.114	4.908	8.036
3670121969	-0.927	4.845	8.045
3670121974	-0.747	4.785	8.042
3670121979	-0.58	4.726	8.012
3670121984	-0.448	4.69	7.962
3670121989	-0.361	4.672	7.912
3670121994	-0.315	4.664	7.885
3670121999	-0.338	4.681	7.864
3670122004	-0.445	4.721	7.859
3670122009	-0.635	4.778	7.899
3670122014	-0.89	4.851	7.982
3670122019	-1.199	4.942	8.084
3670122024	-1.52	5.014	8.201
3670122029	-1.802	5.058	8.325
3670122034	-2.019	5.058	8.425
3670122039	-2.154	5.003	8.491
3670122044	-2.206	4.902	8.52
3670122049	-2.196	4.787	8.533
3670122054	-2.141	4.663	8.53
3670122059	-2.056	4.557	8.513
3670122064	-1.96	4.475	8.485
3670122069	-1.863	4.423	8.445
3670122074	-1.76	4.398	8.397
3670122079	-1.66	4.388	8.362
3670122084	-1.564	4.383	8.325
3670122089	-1.481	4.388	8.285
3670122094	-1.417	4.393	8.255
3670122099	-1.377	4.393	8.226
3670122104	-1.346	4.402	8.196
3670122109	-1.318	4.416	8.184
3670122114	-1.291	4.434	8.183
3670122119	-1.262	4.454	8.194
3670122124	-1.232	4.478	8.225
3670122129	-1.203	4.496	8.268
3670122134	-1.173	4.508	8.322
3670122139	-1.138	4.503	8.374
3670122144	-1.091	4.489	8.412
3670122149	-1.018	4.462	8.403
3670122154	-0.932	4.431	8.355
3670122159	-0.838	4.393	8.272
3670122164	-0.748	4.364	8.165
3670122169	-0.678	4.356	8.034
3670122174	-0.641	4.374	7.899
3670122179	-0.637	4.421	7.755
3670122184	-0.659	4.506	7.593
3670122189	-0.696	4.615	7.426
3670122194	-0.725	4.733	7.274
3670122199	-0.738	4.857	7.143
3670122204	-0.743	4.976	7.046
3670122209	-0.73	5.083	7.003
3670122214	-0.698	5.188	7.018
3670122219	-0.661	5.28	7.1
3670122224	-0.614	5.342	7.236
3670122230	-0.554	5.38	7.423
3670122235	-0.492	5.378	7.647
3670122240	-0.437	5.329	7.9
3670122245	-0.376	5.247	8.191
3670122250	-0.317	5.153	8.529
3670122255	-0.258	5.045	8.881
3670122260	-0.183	4.947	9.231
3670122265	-0.098	4.865	9.55
3670122270	-0.006	4.8	9.808
3670122275	0.087	4.736	9.998
3670122280	0.194	4.674	10.11
3670122285	0.306	4.616	10.154
3670122290	0.428	4.554	10.139
3670122295	0.567	4.487	10.047
3670122300	0.715	4.422	9.888
3670122305	0.852	4.382	9.688
3670122310	0.977	4.359	9.436
3670122315	1.091	4.368	9.158
3670122320	1.17	4.412	8.872
3670122325	1.209	4.478	8.592
3670122330	1.219	4.548	8.318
3670122335	1.183	4.605	8.057
3670122340	1.113	4.641	7.829
3670122345	1.026	4.664	7.631
3670122350	0.937	4.675	7.42
3670122355	0.837	4.676	7.209
3670122360	0.748	4.672	7.041
3670122365	0.673	4.651	6.891
3670122370	0.599	4.614	6.773
3670122375	0.527	4.569	6.707
3670122380	0.459	4.521	6.691
3670122385	0.379	4.477	6.706
3670122390	0.27	4.442	6.763
3670122395	0.144	4.411	6.852
3670122400	0.012	4.385	6.987
3670122405	-0.101	4.367	7.154
3670122410	-0.184	4.356	7.333
3670122415	-0.232	4.356	7.501
3670122420	-0.236	4.365	7.661
3670122425	-0.207	4.375	7.811
3670122430	-0.165	4.376	7.964
3670122435	-0.129	4.368	8.117
3670122440	-0.097	4.344	8.279
3670122445	-0.081	4.295	8.429
3670122450	-0.079	4.208	8.536
3670122455	-0.09	4.105	8.612
3670122460	-0.121	4.004	8.661
3670122465	-0.188	3.92	8.678
3670122470	-0.275	3.846	8.671
3670122475	-0.382	3.798	8.674
3670122480	-0.49	3.75	8.684
3670122485	-0.576	3.675	8.702
3670122490	-0.62	3.56	8.734
3670122495	-0.638	3.418	8.784
3670122500	-0.637	3.262	8.828
3670122505	-0.633	3.091	8.84
3670122510	-0.623	2.929	8.82
3670122515	-0.611	2.786	8.792
3670122520	-0.608	2.679	8.742
3670122525	-0.624	2.62	8.699
3670122530	-0.657	2.612	8.678
3670122535	-0.698	2.634	8.67
3670122540	-0.738	2.675	8.646
3670122545	-0.761	2.703	8.618
3670122550	-0.748	2.702	8.58
3670122555	-0.707	2.671	8.528
3670122560	-0.658	2.632	8.469
3670122565	-0.616	2.602	8.403
3670122570	-0.586	2.595	8.317
3670122575	-0.578	2.611	8.206
3670122580	-0.586	2.643	8.083
3670122585	-0.6	2.684	7.968
3670122590	-0.616	2.722	7.847
3670122595	-0.626	2.76	7.74
3670122600	-0.631	2.784	7.664
3670122605	-0.634	2.809	7.596
3670122610	-0.639	2.831	7.531
3670122615	-0.639	2.848	7.518
3670122620	-0.643	2.856	7.559
3670122625	-0.649	2.87	7.626
3670122630	-0.652	2.882	7.735
3670122635	-0.656	2.883	7.862
3670122640	-0.664	2.88	7.986
3670122645	-0.674	2.872	8.097
3670122650	-0.697	2.848	8.206
3670122655	-0.735	2.809	8.311
3670122660	-0.788	2.769	8.428
3670122665	-0.858	2.723	8.54
3670122671	-0.947	2.681	8.655
3670122676	-1.036	2.665	8.781
3670122681	-1.117	2.68	8.905
3670122686	-1.179	2.722	9.025
3670122691	-1.22	2.784	9.14
3670122696	-1.237	2.857	9.246
3670122701	-1.237	2.925	9.338
3670122706	-1.21	2.982	9.417
3670122711	-1.17	3.023	9.474
3670122716	-1.113	3.057	9.5
3670122721	-1.034	3.1	9.521
3670122726	-0.933	3.158	9.541
3670122731	-0.833	3.24	9.553
3670122736	-0.739	3.343	9.568
3670122741	-0.657	3.474	9.607
3670122746	-0.576	3.623	9.649
3670122751	-0.49	3.79	9.718
3670122756	-0.374	3.975	9.837
3670122761	-0.213	4.181	9.985
3670122766	0.006	4.4	10.153
3670122771	0.269	4.612	10.318
3670122776	0.579	4.795	10.462
3670122781	0.913	4.942	10.571
3670122786	1.244	5.05	10.664
3670122791	1.544	5.106	10.746
3670122796	1.793	5.132	10.817
3670122801	1.971	5.144	10.87
3670122806	2.066	5.146	10.901
3670122811	2.092	5.152	10.903
3670122816	2.064	5.172	10.886
3670122821	1.995	5.194	10.858
3670122826	1.908	5.228	10.808
3670122831	1.816	5.27	10.738
3670122836	1.725	5.303	10.643
3670122841	1.629	5.318	10.524
3670122846	1.528	5.325	10.373
3670122851	1.409	5.315	10.208
3670122856	1.289	5.285	10.037
3670122861	1.164	5.244	9.86
3670122866	1.041	5.2	9.676
3670122871	0.923	5.142	9.49
3670122876	0.814	5.078	9.303
3670122881	0.709	5.015	9.118
3670122886	0.608	4.944	8.946
3670122891	0.515	4.88	8.786
3670122896	0.431	4.831	8.651
3670122901	0.346	4.782	8.534
3670122906	0.253	4.742	8.431
3670122911	0.158	4.715	8.34
3670122916	0.063	4.69	8.277
3670122921	-0.032	4.673	8.236
3670122926	-0.121	4.67	8.221
3670122931	-0.202	4.672	8.23
3670122936	-0.273	4.676	8.266
3670122941	-0.338	4.684	8.306
3670122946	-0.394	4.686	8.351
3670122951	-0.429	4.685	8.401
3670122956	-0.454	4.68	8.453
3670122961	-0.474	4.686	8.504
3670122966	-0.487	4.704	8.563
3670122971	-0.492	4.728	8.63
3670122976	-0.495	4.763	8.688
3670122981	-0.489	4.808	8.745
3670122986	-0.476	4.843	8.803
3670122991	-0.456	4.879	8.849
3670122996	-0.439	4.927	8.896
3670123001	-0.426	4.979	8.962
3670123006	-0.417	5.038	9.05
3670123011	-0.42	5.11	9.151
3670123016	-0.427	5.182	9.273
3670123021	-0.436	5.254	9.401
3670123026	-0.443	5.319	9.532
3670123031	-0.449	5.377	9.655
3670123036	-0.449	5.425	9.78
3670123041	-0.446	5.46	9.906
3670123046	-0.449	5.478	10.035
3670123051	-0.469	5.486	10.169
3670123056	-0.506	5.476	10.308
3670123061	-0.567	5.448	10.466
3670123066	-0.651	5.409	10.649
3670123071	-0.733	5.35	10.838
3670123076	-0.808	5.262	11.026
3670123081	-0.882	5.142	11.218
3670123086	-0.935	5.007	11.404
3670123091	-0.97	4.849	11.57
3670123096	-1.008	4.669	11.726
3670123101	-1.039	4.48	11.856
3670123106	-1.061	4.283	11.955
3670123112	-1.087	4.069	12.003
3670123117	-1.116	3.85	11.996
3670123122	-1.149	3.632	11.928
3670123127	-1.198	3.429	11.805
3670123132	-1.254	3.241	11.619
3670123137	-1.327	3.078	11.371
3670123142	-1.408	2.938	11.053
3670123147	-1.495	2.837	10.675
3670123152	-1.582	2.759	10.251
3670123157	-1.67	2.723	9.787
3670123162	-1.739	2.746	9.307
3670123167	-1.808	2.78	8.815
3670123172	-1.878	2.818	8.331
3670123177	-1.926	2.868	7.863
3670123182	-1.946	2.931	7.433
3670123187	-1.96	2.98	7.04
3670123192	-1.964	3.044	6.697
3670123197	-1.955	3.111	6.389
3670123202	-1.961	3.17	6.109
3670123207	-1.99	3.217	5.861
3670123212	-2.023	3.257	5.657
3670123217	-2.068	3.299	5.5
3670123222	-2.134	3.357	5.383
3670123227	-2.211	3.435	5.31
3670123232	-2.304	3.525	5.263
3670123237	-2.417	3.622	5.236
3670123242	-2.52	3.734	5.243
3670123247	-2.589	3.853	5.287
3670123252	-2.624	3.978	5.365
3670123257	-2.621	4.105	5.477
3670123262	-2.583	4.234	5.607
3670123267	-2.517	4.36	5.755
3670123272	-2.435	4.492	5.924
3670123277	-2.344	4.622	6.11
3670123282	-2.246	4.75	6.316
3670123287	-2.136	4.878	6.549
3670123292	-2.032	5.012	6.804
3670123297	-1.934	5.154	7.079
3670123302	-1.849	5.293	7.382
3670123307	-1.777	5.432	7.7
3670123312	-1.72	5.568	8.021
3670123317	-1.664	5.671	8.323
3670123322	-1.617	5.726	8.61
3670123327	-1.563	5.735	8.882
3670123332	-1.504	5.687	9.149
3670123337	-1.442	5.582	9.409
3670123342	-1.386	5.443	9.665
3670123347	-1.342	5.28	9.906
3670123352	-1.313	5.103	10.126
3670123357	-1.289	4.927	10.297
3670123362	-1.269	4.754	10.422
3670123367	-1.249	4.576	10.504
3670123372	-1.218	4.396	10.529
3670123377	-1.18	4.215	10.482
3670123382	-1.145	4.045	10.37
3670123387	-1.126	3.896	10.195
3670123392	-1.125	3.779	9.955
3670123397	-1.143	3.682	9.667
3670123402	-1.172	3.623	9.354
3670123407	-1.213	3.59	9.027
3670123412	-1.251	3.562	8.679
3670123417	-1.277	3.544	8.316
3670123422	-1.283	3.548	7.953
3670123427	-1.274	3.556	7.589
3670123432	-1.237	3.562	7.223
3670123437	-1.181	3.58	6.868
3670123442	-1.111	3.612	6.54
3670123447	-1.048	3.652	6.235
3670123452	-0.992	3.707	5.976
3670123457	-0.941	3.782	5.773
3670123462	-0.907	3.869	5.61
3670123467	-0.887	3.957	5.487
3670123472	-0.86	4.037	5.411
3670123477	-0.839	4.091	5.357
3670123482	-0.831	4.125	5.338
3670123487	-0.825	4.142	5.362
3670123492	-0.835	4.151	5.425
3670123497	-0.86	4.158	5.53
3670123502	-0.892	4.175	5.68
3670123507	-0.929	4.202	5.85
3670123512	-0.965	4.236	6.021
3670123517	-0.985	4.268	6.2
3670123522	-0.992	4.299	6.372
3670123527	-0.989	4.328	6.538
3670123532	-0.976	4.361	6.709
3670123537	-0.948	4.406	6.908
3670123542	-0.916	4.461	7.111
3670123547	-0.872	4.536	7.328
3670123553	-0.815	4.619	7.549
3670123558	-0.745	4.689	7.762
3670123563	-0.662	4.738	7.967
3670123568	-0.56	4.771	8.172
3670123573	-0.466	4.787	8.387
3670123578	-0.382	4.804	8.633
3670123583	-0.3	4.842	8.907
3670123588	-0.229	4.888	9.189
3670123593	-0.167	4.938	9.466
3670123598	-0.091	4.975	9.727
3670123603	0.001	4.994	9.963
3670123608	0.093	4.993	10.169
3670123613	0.187	4.991	10.35
3670123618	0.273	4.986	10.507
3670123623	0.34	4.992	10.634
3670123628	0.398	5.005	10.72
3670123633	0.452	5.025	10.77
3670123638	0.499	5.044	10.785
3670123643	0.546	5.073	10.76
3670123648	0.599	5.109	10.684
3670123653	0.651	5.157	10.565
3670123658	0.7	5.209	10.403
3670123663	0.742	5.276	10.215
3670123668	0.784	5.347	10.003
3670123673	0.814	5.417	9.772
3670123678	0.828	5.482	9.534
3670123683	0.839	5.548	9.299
3670123688	0.849	5.596	9.073
3670123693	0.854	5.635	8.873
3670123698	0.864	5.666	8.698
3670123703	0.881	5.689	8.543
3670123708	0.891	5.701	8.412
3670123713	0.895	5.718	8.321
3670123718	0.896	5.74	8.257
3670123723	0.892	5.756	8.236
3670123728	0.877	5.772	8.256
3670123733	0.851	5.784	8.313
3670123738	0.815	5.775	8.39
3670123743	0.759	5.751	8.501
3670123748	0.681	5.724	8.645
3670123753	0.57	5.692	8.83
3670123758	0.436	5.656	9.06
3670123763	0.274	5.639	9.327
3670123768	0.104	5.639	9.607
3670123773	-0.046	5.648	9.88
3670123778	-0.158	5.658	10.136
3670123783	-0.235	5.674	10.367
3670123788	-0.262	5.678	10.573
3670123793	-0.255	5.679	10.767
3670123798	-0.232	5.673	10.958
3670123803	-0.2	5.667	11.132
3670123808	-0.165	5.651	11.281
3670123813	-0.136	5.622	11.419
3670123818	-0.101	5.571	11.532
3670123823	-0.068	5.494	11.623
3670123828	-0.032	5.384	11.701
3670123833	0.01	5.247	11.783
3670123838	0.063	5.09	11.85
3670123843	0.112	4.897	11.898
3670123848	0.159	4.681	11.924
3670123853	0.2	4.438	11.904
3670123858	0.22	4.168	11.816
3670123863	0.214	3.879	11.682
3670123868	0.176	3.58	11.507
3670123873	0.102	3.284	11.29
3670123878	-0.01	3.018	11.033
3670123883	-0.158	2.808	10.742
3670123888	-0.331	2.657	10.409
3670123893	-0.527	2.574	10.055
3670123898	-0.727	2.554	9.69
3670123903	-0.904	2.573	9.321
3670123908	-1.041	2.607	8.968
3670123913	-1.138	2.648	8.625
3670123918	-1.189	2.698	8.291
3670123923	-1.191	2.752	7.969
3670123928	-1.165	2.811	7.68
3670123933	-1.117	2.878	7.428
3670123938	-1.058	2.944	7.205
3670123943	-0.989	3.019	7.0
3670123948	-0.92	3.09	6.828
3670123953	-0.847	3.168	6.688
3670123958	-0.767	3.249	6.576
3670123963	-0.674	3.341	6.49
3670123968	-0.572	3.422	6.434
3670123973	-0.451	3.493	6.401
3670123978	-0.313	3.552	6.398
3670123983	-0.159	3.605	6.431
3670123988	0.014	3.637	6.512
3670123993	0.208	3.664	6.651
3670123999	0.408	3.695	6.849
3670124004	0.606	3.733	7.081
3670124009	0.784	3.772	7.333
3670124014	0.949	3.822	7.598
3670124019	1.107	3.856	7.875
3670124024	1.243	3.875	8.147
3670124029	1.353	3.862	8.411
3670124034	1.451	3.812	8.669
3670124039	1.517	3.735	8.908
3670124044	1.53	3.66	9.103
3670124049	1.499	3.58	9.244
3670124054	1.438	3.503	9.34
3670124059	1.336	3.43	9.382
3670124064	1.197	3.364	9.387
3670124069	1.038	3.313	9.356
3670124074	0.857	3.283	9.3
3670124079	0.65	3.281	9.208
3670124084	0.424	3.321	9.089
3670124089	0.2	3.379	8.938
3670124094	-0.004	3.436	8.772
3670124099	-0.165	3.493	8.591
3670124104	-0.265	3.552	8.398
3670124109	-0.294	3.608	8.194
3670124114	-0.267	3.675	7.987
3670124119	-0.203	3.756	7.786
3670124124	-0.105	3.854	7.611
3670124129	0.003	3.947	7.467
3670124134	0.101	4.033	7.358
3670124139	0.193	4.115	7.281
3670124144	0.284	4.182	7.223
3670124149	0.352	4.235	7.181
3670124154	0.411	4.279	7.18
3670124159	0.486	4.312	7.213
3670124164	0.575	4.344	7.254
3670124169	0.662	4.384	7.281
3670124174	0.775	4.402	7.303
3670124179	0.924	4.388	7.3
3670124184	1.084	4.342	7.269
3670124189	1.251	4.256	7.23
3670124194	1.409	4.133	7.2
3670124199	1.511	3.998	7.154
3670124204	1.534	3.879	7.105
3670124209	1.472	3.782	7.067
3670124214	1.32	3.714	7.036
3670124219	1.086	3.699	6.99
3670124224	0.817	3.701	6.978
3670124229	0.527	3.706	7.008
3670124234	0.243	3.711	7.037
3670124239	-0.028	3.716	7.063
3670124244	-0.262	3.709	7.106
3670124249	-0.471	3.739	7.124
3670124254	-0.661	3.811	7.081
3670124259	-0.825	3.906	7.028
3670124264	-0.963	4.005	7.005
3670124269	-1.075	4.084	7.016
3670124274	-1.163	4.127	7.063
3670124279	-1.236	4.138	7.146
3670124284	-1.298	4.13	7.237
3670124289	-1.353	4.111	7.327
3670124294	-1.405	4.095	7.414
3670124299	-1.458	4.081	7.488
3670124304	-1.513	4.073	7.57
3670124309	-1.613	4.079	7.684
3670124314	-1.756	4.098	7.837
3670124319	-1.915	4.113	8.04
3670124324	-2.082	4.128	8.257
3670124329	-2.258	4.165	8.487
3670124334	-2.4	4.242	8.739
3670124339	-2.496	4.361	8.988
3670124344	-2.529	4.51	9.228
3670124349	-2.514	4.716	9.525
3670124354	-2.505	5.03	9.862
3670124359	-2.474	5.431	10.246
3670124364	-2.366	5.831	10.692
3670124369	-2.21	6.164	11.146
3670124374	-2.008	6.365	11.513
3670124379	-1.733	6.367	11.744
3670124384	-1.448	6.205	11.81
3670124389	-1.261	6.0	11.692
3670124394	-1.182	5.857	11.464
3670124399	-1.21	5.827	11.207
3670124404	-1.311	5.872	10.976
3670124409	-1.432	5.947	10.779
3670124414	-1.53	6.014	10.618
3670124419	-1.608	6.051	10.486
3670124424	-1.653	6.047	10.368
3670124429	-1.673	6.032	10.259
3670124434	-1.683	6.012	10.162
3670124440	-1.697	5.993	10.069
3670124445	-1.71	5.974	9.964
3670124450	-1.736	5.966	9.865
3670124455	-1.773	5.968	9.772
3670124460	-1.828	5.992	9.68
3670124465	-1.897	6.05	9.601
3670124470	-1.981	6.138	9.521
3670124475	-2.063	6.253	9.423
3670124480	-2.134	6.383	9.306
3670124485	-2.197	6.521	9.164
3670124490	-2.251	6.647	8.989
3670124495	-2.297	6.764	8.811
3670124500	-2.33	6.862	8.637
3670124505	-2.356	6.938	8.481
3670124510	-2.368	6.978	8.36
3670124515	-2.373	6.986	8.289
3670124520	-2.377	6.955	8.267
3670124525	-2.393	6.893	8.304
3670124530	-2.408	6.786	8.427
3670124535	-2.424	6.627	8.598
3670124540	-2.435	6.407	8.786
3670124545	-2.434	6.12	8.984
3670124550	-2.432	5.769	9.184
3670124555	-2.433	5.378	9.346
3670124560	-2.455	4.98	9.496
3670124565	-2.501	4.59	9.628
3670124570	-2.571	4.225	9.733
3670124575	-2.652	3.877	9.791
3670124580	-2.757	3.551	9.79
3670124585	-2.881	3.246	9.709
3670124590	-2.998	2.958	9.586
3670124595	-3.091	2.685	9.422
3670124600	-3.16	2.441	9.206
3670124605	-3.207	2.237	8.951
3670124610	-3.205	2.061	8.652
3670124615	-3.154	1.921	8.316
3670124620	-3.07	1.842	7.972
3670124625	-2.958	1.822	7.649
3670124630	-2.828	1.857	7.34
3670124635	-2.706	1.956	7.065
3670124640	-2.616	2.111	6.793
3670124645	-2.558	2.297	6.504
3670124650	-2.521	2.505	6.181
3670124655	-2.495	2.715	5.827
3670124660	-2.47	2.91	5.453
3670124665	-2.456	3.096	5.082
3670124670	-2.458	3.284	4.709
3670124675	-2.49	3.475	4.374
3670124680	-2.532	3.675	4.122
3670124685	-2.579	3.899	3.979
3670124690	-2.646	4.155	3.959
3670124695	-2.736	4.443	4.093
3670124700	-2.812	4.754	4.37
3670124705	-2.86	5.062	4.755
3670124710	-2.877	5.338	5.214
3670124715	-2.849	5.575	5.719
3670124720	-2.784	5.766	6.246
3670124725	-2.714	5.925	6.76
3670124730	-2.722	6.182	7.221
3670124735	-2.763	6.433	7.668
3670124740	-2.746	6.559	8.104
3670124745	-2.662	6.571	8.476
3670124750	-2.512	6.464	8.802
3670124755	-2.232	6.167	9.132
3670124760	-1.886	5.818	9.426
3670124765	-1.554	5.541	9.679
3670124770	-1.229	5.329	9.918
3670124775	-0.912	5.178	10.105
3670124780	-0.624	5.063	10.21
3670124785	-0.36	4.965	10.231
3670124790	-0.112	4.875	10.175
3670124795	0.093	4.811	10.066
3670124800	0.218	4.803	9.916
3670124805	0.251	4.849	9.726
3670124810	0.202	4.954	9.504
3670124815	0.069	5.102	9.273
3670124820	-0.118	5.262	9.021
3670124825	-0.322	5.374	8.77
3670124830	-0.526	5.414	8.553
3670124835	-0.747	5.378	8.362
3670124840	-0.99	5.286	8.187
3670124845	-1.245	5.152	8.037
3670124850	-1.497	5.009	7.9
3670124855	-1.701	4.85	7.743
3670124860	-1.849	4.696	7.565
3670124865	-1.959	4.553	7.372
3670124870	-2.027	4.421	7.194
3670124875	-2.05	4.312	7.005
3670124881	-2.102	4.262	6.854
3670124886	-2.169	4.279	6.796
3670124891	-2.184	4.351	6.781
3670124896	-2.159	4.466	6.78
3670124901	-2.097	4.585	6.817
3670124906	-1.953	4.694	6.852
3670124911	-1.756	4.764	6.818
3670124916	-1.568	4.846	6.744
3670124921	-1.368	4.936	6.655
3670124926	-1.158	5.039	6.556
3670124931	-0.962	5.169	6.428
3670124936	-0.775	5.321	6.282
3670124941	-0.592	5.451	6.124
3670124946	-0.447	5.572	5.936
3670124951	-0.338	5.671	5.741
3670124956	-0.262	5.723	5.579
3670124961	-0.24	5.739	5.455
3670124966	-0.283	5.746	5.382
3670124971	-0.393	5.765	5.346
3670124976	-0.587	5.845	5.366
3670124981	-0.829	6.0	5.448
3670124986	-1.049	6.2	5.608
3670124991	-1.217	6.392	5.823
3670124996	-1.293	6.538	6.091
3670125001	-1.242	6.585	6.384
3670125006	-1.1	6.54	6.667
3670125011	-0.908	6.435	6.948
3670125016	-0.678	6.308	7.262
3670125021	-0.442	6.195	7.59
3670125026	-0.233	6.148	7.91
3670125031	-0.044	6.158	8.214
3670125036	0.119	6.213	8.398
3670125041	0.256	6.292	8.485
3670125046	0.358	6.372	8.477
3670125051	0.43	6.429	8.358
3670125056	0.465	6.473	8.141
3670125061	0.475	6.503	7.901
3670125066	0.444	6.535	7.593
3670125071	0.377	6.555	7.233
3670125076	0.276	6.562	6.867
3670125081	0.157	6.559	6.526
3670125086	0.026	6.528	6.229
3670125091	-0.049	6.454	6.0
3670125096	-0.021	6.347	5.878
3670125101	-0.06	6.232	5.775
3670125106	-0.169	6.112	5.708
3670125111	-0.303	6.011	5.746
3670125116	-0.512	5.909	5.859
3670125121	-0.834	5.825	6.055
3670125126	-1.071	5.731	6.415
3670125131	-1.219	5.628	6.901
3670125136	-1.307	5.522	7.428
3670125141	-1.337	5.415	7.925
3670125146	-1.297	5.305	8.364
3670125151	-1.186	5.195	8.768
3670125156	-1.013	5.068	9.127
3670125161	-0.818	4.918	9.399
3670125166	-0.626	4.785	9.623
3670125171	-0.481	4.679	9.786
3670125176	-0.412	4.631	9.84
3670125181	-0.432	4.68	9.766
3670125186	-0.532	4.824	9.634
3670125191	-0.707	5.061	9.474
3670125196	-0.924	5.344	9.267
3670125201	-1.151	5.614	9.02
3670125206	-1.382	5.829	8.788
3670125211	-1.6	5.969	8.557
3670125216	-1.768	6.03	8.34
3670125221	-1.889	6.035	8.187
3670125226	-1.991	6.033	8.1
3670125231	-2.077	6.047	8.056
3670125236	-2.151	6.097	8.05
3670125241	-2.223	6.177	8.071
3670125246	-2.289	6.275	8.063
3670125251	-2.332	6.373	8.067
3670125256	-2.33	6.462	8.119
3670125261	-2.288	6.527	8.231
3670125266	-2.205	6.563	8.394
3670125271	-2.088	6.557	8.648
3670125276	-1.969	6.506	8.965
3670125281	-1.866	6.408	9.316
3670125286	-1.78	6.274	9.656
3670125291	-1.735	6.11	9.964
3670125296	-1.738	5.929	10.218
3670125301	-1.764	5.745	10.394
3670125306	-1.798	5.547	10.474
3670125311	-1.855	5.353	10.482
3670125316	-1.923	5.18	10.412
3670125322	-1.977	5.022	10.28
3670125327	-2.033	4.874	10.112
3670125332	-2.118	4.755	9.917
3670125337	-2.215	4.653	9.687
3670125342	-2.338	4.544	9.482
3670125347	-2.499	4.449	9.329
3670125352	-2.682	4.352	9.222
3670125357	-2.869	4.227	9.161
3670125362	-3.047	4.063	9.155
3670125367	-3.207	3.866	9.175
3670125372	-3.371	3.646	9.2
3670125377	-3.54	3.419	9.222
3670125382	-3.714	3.203	9.234
3670125387	-3.88	3.004	9.26
3670125392	-4.009	2.823	9.302
3670125397	-4.072	2.659	9.342
3670125402	-4.073	2.513	9.36
3670125407	-4.026	2.364	9.349
3670125412	-3.96	2.203	9.306
3670125417	-3.881	2.029	9.226
3670125422	-3.805	1.836	9.136
3670125427	-3.728	1.625	9.058
3670125432	-3.611	1.462	9.02
3670125437	-3.467	1.367	9.02
3670125442	-3.348	1.334	9.013
3670125447	-3.245	1.336	8.989
3670125452	-3.146	1.366	8.979
3670125457	-3.074	1.378	8.976
3670125462	-3.012	1.35	8.97
3670125467	-2.929	1.292	8.997
3670125472	-2.834	1.228	9.047
3670125477	-2.736	1.164	9.081
3670125482	-2.636	1.101	9.08
3670125487	-2.531	1.071	9.059
3670125492	-2.416	1.073	9.029
3670125497	-2.285	1.107	8.999
3670125502	-2.144	1.162	8.974
3670125507	-1.993	1.232	8.973
3670125512	-1.834	1.29	8.986
3670125517	-1.669	1.325	8.989
3670125522	-1.502	1.329	8.994
3670125527	-1.335	1.31	9.015
3670125532	-1.178	1.276	9.047
3670125537	-1.035	1.238	9.067
3670125542	-0.917	1.213	9.084
3670125547	-0.839	1.208	9.084
3670125552	-0.799	1.217	9.066
3670125557	-0.803	1.241	9.038
3670125562	-0.846	1.274	9.025
3670125567	-0.903	1.305	9.013
3670125572	-0.98	1.323	8.988
3670125577	-1.059	1.337	8.956
3670125582	-1.137	1.342	8.916
3670125587	-1.212	1.337	8.86
3670125592	-1.304	1.335	8.803
3670125597	-1.395	1.336	8.759
3670125602	-1.5	1.347	8.704
3670125607	-1.627	1.364	8.64
3670125612	-1.772	1.384	8.577
3670125617	-1.941	1.408	8.516
3670125622	-2.127	1.445	8.462
3670125627	-2.327	1.497	8.436
3670125632	-2.526	1.565	8.436
3670125637	-2.706	1.653	8.451
3670125642	-2.856	1.745	8.464
3670125647	-2.969	1.82	8.487
3670125652	-3.039	1.871	8.527
3670125657	-3.068	1.895	8.583
3670125662	-3.064	1.892	8.655
3670125667	-3.019	1.872	8.752
3670125672	-2.948	1.857	8.869
3670125677	-2.867	1.865	8.984
3670125682	-2.784	1.901	9.078
3670125687	-2.713	1.963	9.149
3670125692	-2.657	2.048	9.221
3670125697	-2.604	2.147	9.284
3670125702	-2.535	2.242	9.336
3670125707	-2.453	2.338	9.396
3670125712	-2.34	2.431	9.455
3670125717	-2.201	2.527	9.492
3670125722	-2.038	2.618	9.515
3670125727	-1.863	2.701	9.528
3670125732	-1.672	2.774	9.526
3670125737	-1.485	2.841	9.515
3670125742	-1.298	2.9	9.498
3670125747	-1.124	2.962	9.468
3670125752	-0.965	3.034	9.433
3670125757	-0.821	3.112	9.388
3670125762	-0.68	3.19	9.345
3670125768	-0.558	3.258	9.301
3670125773	-0.44	3.323	9.254
3670125778	-0.308	3.371	9.249
3670125783	-0.159	3.42	9.283
3670125788	-0.018	3.483	9.327
3670125793	0.121	3.568	9.372
3670125798	0.244	3.66	9.413
3670125803	0.326	3.776	9.39
3670125808	0.375	3.896	9.333
3670125813	0.421	3.992	9.275
3670125818	0.457	4.054	9.22
3670125823	0.498	4.084	9.178
3670125828	0.565	4.07	9.15
3670125833	0.648	4.022	9.112
3670125838	0.727	3.965	9.036
3670125843	0.804	3.904	8.93
3670125848	0.869	3.845	8.778
3670125853	0.917	3.791	8.584
3670125858	0.946	3.755	8.363
3670125863	0.964	3.728	8.153
3670125868	0.96	3.706	7.964
3670125873	0.931	3.683	7.804
3670125878	0.868	3.673	7.695
3670125883	0.768	3.665	7.649
3670125888	0.62	3.666	7.64
3670125893	0.432	3.688	7.664
3670125898	0.208	3.725	7.726
3670125903	-0.039	3.757	7.806
3670125908	-0.294	3.772	7.873
3670125913	-0.539	3.757	7.911
3670125918	-0.751	3.71	7.921
3670125923	-0.921	3.638	7.897
3670125928	-1.06	3.556	7.848
3670125933	-1.173	3.477	7.788
3670125938	-1.267	3.413	7.745
3670125943	-1.359	3.37	7.73
3670125948	-1.455	3.35	7.757
3670125953	-1.54	3.376	7.822
3670125958	-1.615	3.429	7.905
3670125963	-1.675	3.501	8.009
3670125968	-1.709	3.587	8.119
3670125973	-1.707	3.679	8.222
3670125978	-1.667	3.747	8.32
3670125983	-1.584	3.803	8.421
3670125988	-1.462	3.857	8.498
3670125993	-1.317	3.914	8.561
3670125998	-1.161	3.983	8.609
3670126003	-1.014	4.054	8.643
3670126008	-0.88	4.128	8.67
3670126013	-0.745	4.202	8.698
3670126018	-0.606	4.275	8.721
3670126023	-0.471	4.34	8.755
3670126028	-0.345	4.41	8.795
3670126033	-0.236	4.484	8.831
3670126038	-0.165	4.57	8.854
3670126043	-0.127	4.67	8.879
3670126048	-0.125	4.78	8.878
3670126053	-0.155	4.886	8.851
3670126058	-0.208	4.992	8.802
3670126063	-0.273	5.087	8.752
3670126068	-0.35	5.167	8.682
3670126073	-0.425	5.231	8.608
3670126078	-0.493	5.278	8.523
3670126083	-0.555	5.309	8.444
3670126088	-0.617	5.326	8.366
3670126093	-0.673	5.319	8.302
3670126098	-0.723	5.295	8.259
3670126103	-0.768	5.264	8.242
3670126108	-0.804	5.233	8.253
3670126113	-0.822	5.188	8.288
3670126118	-0.828	5.141	8.346
3670126123	-0.831	5.103	8.426
3670126128	-0.83	5.07	8.519
3670126133	-0.829	5.03	8.616
3670126138	-0.856	4.993	8.712
3670126143	-0.898	4.957	8.791
3670126148	-0.945	4.9	8.847
3670126153	-1.019	4.854	8.876
3670126158	-1.118	4.818	8.852
3670126163	-1.221	4.805	8.779
3670126168	-1.342	4.81	8.671
3670126173	-1.488	4.846	8.536
3670126178	-1.632	4.895	8.402
3670126183	-1.765	4.961	8.315
3670126188	-1.887	5.025	8.271
3670126193	-1.991	5.095	8.269
3670126198	-2.07	5.168	8.303
3670126203	-2.128	5.25	8.344
3670126208	-2.155	5.319	8.357
3670126214	-2.17	5.382	8.361
3670126219	-2.17	5.435	8.356
3670126224	-2.152	5.48	8.363
3670126229	-2.125	5.502	8.377
3670126234	-2.112	5.522	8.42
3670126239	-2.111	5.532	8.496
3670126244	-2.124	5.526	8.608
3670126249	-2.151	5.501	8.747
3670126254	-2.207	5.464	8.94
3670126259	-2.292	5.41	9.184
3670126264	-2.388	5.339	9.446
3670126269	-2.496	5.243	9.743
3670126274	-2.622	5.115	10.071
3670126279	-2.739	4.958	10.424
3670126284	-2.824	4.767	10.793
3670126289	-2.881	4.555	11.177
3670126294	-2.9	4.332	11.526
3670126299	-2.878	4.12	11.808
3670126304	-2.817	3.916	11.991
3670126309	-2.721	3.721	12.051
3670126314	-2.592	3.524	11.988
3670126319	-2.45	3.328	11.811
3670126324	-2.312	3.134	11.523
3670126329	-2.21	2.956	11.168
3670126334	-2.161	2.82	10.789
3670126339	-2.17	2.752	10.422
3670126344	-2.214	2.782	10.131
3670126349	-2.278	2.899	9.963
3670126354	-2.34	3.077	9.896
3670126359	-2.375	3.271	9.882
3670126364	-2.36	3.43	9.89
3670126369	-2.301	3.508	9.871
3670126374	-2.194	3.492	9.791
3670126379	-2.043	3.392	9.655
3670126384	-1.883	3.257	9.514
3670126389	-1.745	3.134	9.387
3670126394	-1.643	3.043	9.274
3670126399	-1.582	2.999	9.193
3670126404	-1.556	3.004	9.151
3670126409	-1.543	3.025	9.124
3670126414	-1.526	3.033	9.113
3670126419	-1.499	3.022	9.126
3670126424	-1.46	2.984	9.14
3670126429	-1.407	2.909	9.165
3670126434	-1.356	2.821	9.21
3670126439	-1.311	2.735	9.277
3670126444	-1.264	2.661	9.36
3670126449	-1.208	2.595	9.453
3670126454	-1.145	2.543	9.539
3670126459	-1.064	2.495	9.611
3670126464	-0.955	2.447	9.674
3670126469	-0.838	2.397	9.72
3670126474	-0.713	2.364	9.752
3670126479	-0.592	2.346	9.772
3670126484	-0.486	2.341	9.779
3670126489	-0.402	2.354	9.752
3670126494	-0.342	2.386	9.711
3670126499	-0.302	2.42	9.668
3670126504	-0.284	2.45	9.638
3670126509	-0.278	2.491	9.616
3670126514	-0.281	2.541	9.607
3670126519	-0.301	2.581	9.609
3670126524	-0.336	2.613	9.622
3670126529	-0.391	2.635	9.647
3670126534	-0.464	2.637	9.69
3670126539	-0.556	2.603	9.761
3670126544	-0.638	2.544	9.847
3670126549	-0.709	2.467	9.938
3670126554	-0.752	2.385	10.019
3670126559	-0.774	2.294	10.079
3670126564	-0.77	2.196	10.111
3670126569	-0.749	2.108	10.107
3670126574	-0.71	2.028	10.076
3670126579	-0.661	1.946	10.017
3670126584	-0.597	1.866	9.929
3670126589	-0.514	1.807	9.801
3670126594	-0.436	1.766	9.632
3670126599	-0.363	1.74	9.43
3670126604	-0.302	1.734	9.184
3670126609	-0.256	1.759	8.893
3670126614	-0.24	1.798	8.567
3670126619	-0.235	1.844	8.231
3670126624	-0.247	1.898	7.89
3670126629	-0.27	1.962	7.551
3670126634	-0.322	2.036	7.227
3670126639	-0.391	2.124	6.929
3670126644	-0.484	2.232	6.641
3670126649	-0.601	2.351	6.352
3670126655	-0.725	2.466	6.071
3670126660	-0.831	2.571	5.8
3670126665	-0.938	2.666	5.539
3670126670	-1.033	2.745	5.297
3670126675	-1.122	2.819	5.079
3670126680	-1.223	2.898	4.887
3670126685	-1.334	2.988	4.727
3670126690	-1.451	3.079	4.591
3670126695	-1.583	3.167	4.475
3670126700	-1.72	3.251	4.381
3670126705	-1.86	3.326	4.314
3670126710	-2.014	3.39	4.28
3670126715	-2.178	3.455	4.281
3670126720	-2.348	3.52	4.33
3670126725	-2.52	3.59	4.43
3670126730	-2.691	3.661	4.578
3670126735	-2.839	3.729	4.775
3670126740	-2.963	3.785	5.017
3670126745	-3.053	3.826	5.275
3670126750	-3.11	3.845	5.551
3670126755	-3.139	3.848	5.834
3670126760	-3.155	3.837	6.109
3670126765	-3.153	3.818	6.376
3670126770	-3.15	3.799	6.649
3670126775	-3.158	3.794	6.917
3670126780	-3.173	3.809	7.179
3670126785	-3.193	3.84	7.419
3670126790	-3.228	3.878	7.632
3670126795	-3.271	3.931	7.81
3670126800	-3.305	3.996	7.95
3670126805	-3.345	4.059	8.042
3670126810	-3.394	4.141	8.1
3670126815	-3.447	4.249	8.134
3670126820	-3.512	4.363	8.145
3670126825	-3.6	4.486	8.138
3670126830	-3.697	4.622	8.147
3670126835	-3.79	4.756	8.178
3670126840	-3.878	4.891	8.219
3670126845	-3.963	5.017	8.281
3670126850	-4.023	5.123	8.381
3670126855	-4.046	5.21	8.502
3670126860	-4.049	5.272	8.66
3670126865	-4.033	5.311	8.869
3670126870	-3.989	5.347	9.124
3670126875	-3.935	5.376	9.406
3670126880	-3.869	5.397	9.729
3670126885	-3.783	5.407	10.067
3670126890	-3.679	5.41	10.415
3670126895	-3.565	5.416	10.771
3670126900	-3.447	5.433	11.135
3670126905	-3.325	5.463	11.488
3670126910	-3.212	5.492	11.827
3670126915	-3.096	5.514	12.14
3670126920	-2.964	5.516	12.422
3670126925	-2.807	5.496	12.658
3670126930	-2.645	5.465	12.831
3670126935	-2.464	5.446	12.946
3670126940	-2.27	5.439	13.042
3670126945	-2.073	5.449	13.097
3670126950	-1.897	5.499	13.003
3670126955	-1.705	5.577	12.801
3670126960	-1.483	5.665	12.552
3670126965	-1.238	5.744	12.233
3670126970	-0.978	5.814	11.878
3670126975	-0.689	5.849	11.603
3670126980	-0.405	5.859	11.377
3670126985	-0.166	5.86	11.132
3670126990	0.031	5.878	10.886
3670126995	0.183	5.923	10.624
3670127000	0.285	5.992	10.365
3670127005	0.341	6.089	10.123
3670127010	0.361	6.212	9.917
3670127015	0.355	6.336	9.726
3670127020	0.336	6.427	9.569
3670127025	0.325	6.478	9.445
3670127030	0.344	6.46	9.362
3670127035	0.387	6.357	9.318
3670127040	0.446	6.179	9.331
3670127045	0.519	5.945	9.391
3670127050	0.585	5.67	9.486
3670127055	0.612	5.37	9.611
3670127060	0.605	5.05	9.777
3670127065	0.572	4.721	9.974
3670127070	0.507	4.371	10.194
3670127075	0.397	4.005	10.421
3670127080	0.249	3.641	10.625
3670127085	0.071	3.293	10.793
3670127090	-0.139	2.971	10.914
3670127095	-0.376	2.717	10.995
3670127101	-0.625	2.523	11.006
3670127106	-0.853	2.361	10.917
3670127111	-1.052	2.245	10.765
3670127116	-1.213	2.184	10.561
3670127121	-1.321	2.149	10.313
3670127126	-1.352	2.128	10.045
3670127131	-1.314	2.143	9.809
3670127136	-1.221	2.174	9.567
3670127141	-1.084	2.201	9.292
3670127146	-0.905	2.22	8.977
3670127151	-0.697	2.252	8.651
3670127156	-0.485	2.3	8.317
3670127161	-0.266	2.359	7.987
3670127166	-0.043	2.43	7.676
3670127171	0.17	2.504	7.399
3670127176	0.361	2.572	7.146
3670127181	0.536	2.62	6.93
3670127186	0.691	2.654	6.753
3670127191	0.825	2.665	6.61
3670127196	0.941	2.657	6.481
3670127201	1.047	2.626	6.384
3670127206	1.125	2.576	6.308
3670127211	1.182	2.502	6.25
3670127216	1.227	2.42	6.221
3670127221	1.256	2.33	6.216
3670127226	1.262	2.247	6.239
3670127231	1.257	2.165	6.288
3670127236	1.233	2.099	6.349
3670127241	1.196	2.045	6.419
3670127246	1.154	2.015	6.507
3670127251	1.11	2.004	6.606
3670127256	1.072	2.015	6.715
3670127261	1.049	2.036	6.833
3670127266	1.036	2.062	6.968
3670127271	1.032	2.089	7.12
3670127276	1.038	2.119	7.298
3670127281	1.052	2.156	7.49
3670127286	1.072	2.186	7.699
3670127291	1.084	2.214	7.908
3670127296	1.09	2.235	8.11
3670127301	1.08	2.249	8.3
3670127306	1.043	2.255	8.494
3670127311	0.972	2.269	8.679
3670127316	0.875	2.297	8.868
3670127321	0.742	2.343	9.065
3670127326	0.585	2.41	9.274
3670127331	0.41	2.494	9.477
3670127336	0.235	2.593	9.695
3670127341	0.066	2.693	9.905
3670127346	-0.069	2.775	10.082
3670127351	-0.149	2.827	10.215
3670127356	-0.186	2.881	10.319
3670127361	-0.183	2.923	10.366
3670127366	-0.144	2.971	10.369
3670127371	-0.097	3.049	10.338
3670127376	-0.049	3.152	10.265
3670127381	0.027	3.253	10.171
3670127386	0.142	3.339	10.052
3670127391	0.28	3.405	9.923
3670127396	0.432	3.458	9.808
3670127401	0.575	3.506	9.71
3670127406	0.695	3.555	9.579
3670127411	0.765	3.628	9.425
3670127416	0.803	3.717	9.251
3670127421	0.821	3.797	9.043
3670127426	0.825	3.87	8.814
3670127431	0.817	3.927	8.595
3670127436	0.812	3.965	8.394
3670127441	0.797	3.987	8.213
3670127446	0.774	4.004	8.057
3670127451	0.739	4.016	7.924
3670127456	0.692	4.033	7.82
3670127461	0.629	4.05	7.758
3670127466	0.549	4.069	7.736
3670127471	0.46	4.088	7.753
3670127476	0.368	4.095	7.81
3670127481	0.281	4.082	7.898
3670127486	0.212	4.036	8.001
3670127491	0.173	3.963	8.109
3670127496	0.154	3.862	8.21
3670127501	0.155	3.744	8.307
3670127506	0.162	3.618	8.402
3670127511	0.158	3.516	8.501
3670127516	0.143	3.436	8.614
3670127521	0.104	3.38	8.724
3670127526	0.04	3.355	8.823
3670127531	-0.032	3.346	8.916
3670127536	-0.101	3.34	9.002
3670127541	-0.173	3.33	9.066
3670127546	-0.233	3.324	9.114
3670127551	-0.281	3.318	9.138
3670127556	-0.325	3.31	9.128
3670127562	-0.381	3.307	9.1
3670127567	-0.447	3.316	9.065
3670127572	-0.506	3.331	9.035
3670127577	-0.567	3.345	9.005
3670127582	-0.626	3.378	8.977
3670127587	-0.667	3.415	8.938
3670127592	-0.696	3.45	8.89
3670127597	-0.715	3.483	8.841
3670127602	-0.71	3.524	8.81
3670127607	-0.694	3.544	8.802
3670127612	-0.679	3.563	8.808
3670127617	-0.66	3.58	8.816
3670127622	-0.646	3.585	8.835
3670127627	-0.645	3.574	8.852
3670127632	-0.645	3.556	8.86
3670127637	-0.655	3.523	8.866
3670127642	-0.679	3.479	8.884
3670127647	-0.719	3.433	8.899
3670127652	-0.782	3.395	8.928
3670127657	-0.874	3.37	8.961
3670127662	-0.969	3.358	8.999
3670127667	-1.06	3.356	9.023
3670127672	-1.136	3.352	9.034
3670127677	-1.184	3.339	9.014
3670127682	-1.198	3.317	8.972
3670127687	-1.194	3.289	8.904
3670127692	-1.163	3.25	8.818
3670127697	-1.131	3.207	8.72
3670127702	-1.094	3.169	8.618
3670127707	-1.053	3.132	8.505
3670127712	-1.02	3.094	8.381
3670127717	-0.994	3.062	8.245
3670127722	-0.967	3.036	8.094
3670127727	-0.951	3.008	7.95
3670127732	-0.946	2.982	7.811
3670127737	-0.938	2.97	7.674
3670127742	-0.936	2.97	7.55
3670127747	-0.932	2.996	7.438
3670127752	-0.919	3.045	7.315
3670127757	-0.893	3.111	7.203
3670127762	-0.853	3.189	7.099
3670127767	-0.794	3.279	6.992
3670127772	-0.725	3.36	6.878
3670127777	-0.646	3.444	6.779
3670127782	-0.565	3.531	6.686
3670127787	-0.483	3.627	6.614
3670127792	-0.405	3.724	6.589
3670127797	-0.322	3.826	6.616
3670127802	-0.235	3.923	6.668
3670127807	-0.144	4.021	6.745
3670127812	-0.044	4.108	6.855
3670127817	0.068	4.184	6.978
3670127822	0.194	4.25	7.108
3670127827	0.328	4.306	7.251
3670127832	0.459	4.34	7.418
3670127837	0.576	4.367	7.604
3670127842	0.662	4.388	7.808
3670127847	0.698	4.402	8.057
3670127852	0.682	4.41	8.357
3670127857	0.612	4.416	8.689
3670127862	0.496	4.411	9.024
3670127867	0.344	4.381	9.353
3670127872	0.185	4.33	9.651
3670127877	0.021	4.263	9.935
3670127882	-0.148	4.166	10.192
3670127887	-0.301	4.009	10.398
3670127892	-0.425	3.818	10.567
3670127897	-0.551	3.607	10.693
3670127902	-0.685	3.392	10.751
3670127907	-0.824	3.212	10.764
3670127912	-1.006	3.128	10.761
3670127917	-1.234	3.15	10.718
3670127922	-1.474	3.267	10.643
3670127927	-1.7	3.453	10.544
3670127932	-1.875	3.663	10.421
3670127937	-1.986	3.865	10.271
3670127942	-2.027	4.029	10.117
3670127947	-2.0	4.154	9.957
3670127952	-1.917	4.244	9.79
3670127957	-1.809	4.325	9.611
3670127962	-1.685	4.398	9.429
3670127967	-1.551	4.47	9.249
3670127972	-1.436	4.559	9.073
3670127977	-1.343	4.672	8.893
3670127982	-1.273	4.797	8.725
3670127987	-1.212	4.948	8.582
3670127992	-1.172	5.13	8.445
3670127997	-1.15	5.32	8.301
3670128003	-1.155	5.516	8.167
3670128008	-1.169	5.717	8.058
3670128013	-1.191	5.923	8.0
3670128018	-1.215	6.115	8.021
3670128023	-1.218	6.28	8.11
3670128028	-1.181	6.402	8.267
3670128033	-1.108	6.468	8.482
3670128038	-1.007	6.469	8.723
3670128043	-0.881	6.419	8.966
3670128048	-0.744	6.327	9.239
3670128053	-0.616	6.218	9.513
3670128058	-0.501	6.101	9.777
3670128063	-0.415	5.991	10.011
3670128068	-0.338	5.887	10.218
3670128073	-0.266	5.796	10.39
3670128078	-0.206	5.703	10.515
3670128083	-0.163	5.627	10.563
3670128088	-0.136	5.569	10.572
3670128093	-0.132	5.542	10.563
3670128098	-0.145	5.568	10.553
3670128103	-0.162	5.668	10.574
3670128108	-0.174	5.829	10.633
3670128113	-0.16	6.035	10.7
3670128118	-0.105	6.238	10.753
3670128123	-0.003	6.399	10.767
3670128128	0.134	6.489	10.752
3670128133	0.282	6.488	10.711
3670128138	0.419	6.406	10.65
3670128143	0.515	6.29	10.585
3670128148	0.544	6.167	10.534
3670128153	0.519	6.044	10.46
3670128158	0.446	5.929	10.391
3670128163	0.343	5.814	10.336
3670128168	0.204	5.688	10.309
3670128173	0.055	5.515	10.318
3670128178	-0.095	5.305	10.364
3670128183	-0.25	5.067	10.427
3670128188	-0.42	4.825	10.51
3670128193	-0.61	4.613	10.58
3670128198	-0.792	4.39	10.581
3670128203	-0.95	4.155	10.536
3670128208	-1.074	3.954	10.459
3670128213	-1.167	3.782	10.337
3670128218	-1.208	3.588	10.132
3670128223	-1.227	3.431	9.88
3670128228	-1.248	3.316	9.584
3670128233	-1.28	3.214	9.264
3670128238	-1.291	3.12	8.922
3670128243	-1.28	3.061	8.612
3670128248	-1.286	3.05	8.329
3670128253	-1.323	3.082	8.043
3670128258	-1.378	3.15	7.737
3670128263	-1.462	3.226	7.411
3670128268	-1.572	3.307	7.076
3670128273	-1.676	3.396	6.744
3670128278	-1.751	3.483	6.44
3670128283	-1.798	3.569	6.189
3670128288	-1.84	3.69	6.01
3670128293	-1.879	3.84	5.889
3670128298	-1.914	4.01	5.813
3670128303	-1.939	4.2	5.783
3670128308	-1.942	4.397	5.788
3670128313	-1.902	4.562	5.802
3670128318	-1.831	4.688	5.831
3670128323	-1.736	4.775	5.905
3670128328	-1.616	4.812	6.032
3670128333	-1.495	4.822	6.193
3670128338	-1.394	4.823	6.404
3670128343	-1.32	4.813	6.646
3670128348	-1.278	4.791	6.903
3670128353	-1.28	4.785	7.174
3670128358	-1.311	4.799	7.467
3670128363	-1.348	4.836	7.795
3670128368	-1.368	4.898	8.173
3670128373	-1.351	4.983	8.611
3670128378	-1.29	5.069	9.1
3670128383	-1.177	5.141	9.636
3670128388	-1.016	5.185	10.182
3670128393	-0.814	5.18	10.7
3670128398	-0.572	5.135	11.165
3670128403	-0.296	5.054	11.544
3670128408	-0.016	4.937	11.813
3670128413	0.263	4.787	11.971
3670128418	0.527	4.621	12.033
3670128423	0.754	4.436	12.014
3670128428	0.943	4.241	11.946
3670128433	1.096	4.033	11.84
3670128438	1.21	3.826	11.701
3670128443	1.292	3.633	11.554
3670128448	1.333	3.476	11.384
3670128453	1.324	3.347	11.18
3670128458	1.258	3.261	10.937
3670128463	1.14	3.22	10.666
3670128468	0.979	3.23	10.363
3670128473	0.795	3.266	10.052
3670128479	0.594	3.322	9.73
3670128484	0.397	3.392	9.412
3670128489	0.217	3.472	9.09
3670128494	0.046	3.541	8.764
3670128499	-0.121	3.6	8.417
3670128504	-0.277	3.652	8.069
3670128509	-0.419	3.694	7.717
3670128514	-0.556	3.712	7.39
3670128519	-0.686	3.725	7.091
3670128524	-0.8	3.737	6.827
3670128529	-0.905	3.748	6.595
3670128534	-0.995	3.757	6.388
3670128539	-1.079	3.771	6.185
3670128544	-1.158	3.785	5.971
3670128549	-1.239	3.812	5.758
3670128554	-1.321	3.851	5.558
3670128559	-1.421	3.902	5.377
3670128564	-1.524	3.956	5.232
3670128569	-1.631	4.009	5.131
3670128574	-1.746	4.04	5.074
3670128579	-1.866	4.047	5.05
3670128584	-1.973	4.047	5.056
3670128589	-2.084	4.057	5.081
3670128594	-2.199	4.072	5.121
3670128599	-2.311	4.12	5.172
3670128604	-2.422	4.206	5.224
3670128609	-2.534	4.319	5.284
3670128614	-2.641	4.451	5.373
3670128619	-2.739	4.617	5.499
3670128624	-2.837	4.798	5.64
3670128629	-2.947	4.963	5.799
3670128634	-3.063	5.101	5.966
3670128639	-3.19	5.208	6.13
3670128644	-3.333	5.269	6.294
3670128649	-3.481	5.282	6.478
3670128654	-3.63	5.285	6.673
3670128659	-3.788	5.282	6.891
3670128664	-3.946	5.28	7.133
3670128669	-4.095	5.294	7.383
3670128674	-4.236	5.327	7.631
3670128679	-4.348	5.364	7.875
3670128684	-4.417	5.416	8.115
3670128689	-4.451	5.467	8.319
3670128694	-4.447	5.515	8.504
3670128699	-4.399	5.57	8.693
3670128704	-4.312	5.642	8.907
3670128709	-4.195	5.728	9.118
3670128714	-4.05	5.835	9.343
3670128719	-3.868	5.947	9.569
3670128724	-3.665	6.05	9.784
3670128729	-3.45	6.145	9.978
3670128734	-3.238	6.237	10.157
3670128739	-3.024	6.321	10.323
3670128744	-2.813	6.403	10.475
3670128749	-2.616	6.491	10.602
3670128754	-2.432	6.581	10.696
3670128759	-2.254	6.658	10.787
3670128764	-2.089	6.735	10.862
3670128769	-1.946	6.816	10.928
3670128774	-1.84	6.897	10.987
3670128779	-1.768	6.971	11.041
3670128784	-1.722	7.032	11.079
3670128789	-1.712	7.064	11.095
3670128794	-1.722	7.053	11.118
3670128799	-1.709	7.001	11.156
3670128804	-1.671	6.909	11.208
3670128809	-1.611	6.799	11.263
3670128814	-1.513	6.677	11.317
3670128819	-1.386	6.556	11.339
3670128824	-1.242	6.443	11.314
3670128829	-1.08	6.338	11.227
3670128834	-0.914	6.224	11.062
3670128839	-0.742	6.114	10.829
3670128844	-0.573	6.007	10.527
3670128849	-0.413	5.906	10.172
3670128854	-0.278	5.82	9.783
3670128859	-0.155	5.758	9.392
3670128864	-0.064	5.712	9.009
3670128869	0.001	5.679	8.641
3670128874	0.037	5.668	8.296
3670128879	0.05	5.645	7.995
3670128884	-0.017	5.623	7.708
3670128890	-0.17	5.632	7.429
3670128895	-0.378	5.669	7.205
3670128900	-0.603	5.704	7.051
3670128905	-0.835	5.734	6.96
3670128910	-1.008	5.734	6.923
3670128915	-1.106	5.679	6.933
3670128920	-1.153	5.571	6.95
3670128925	-1.178	5.432	6.952
3670128930	-1.19	5.297	6.92
3670128935	-1.197	5.188	6.901
3670128940	-1.198	5.116	6.915
3670128945	-1.202	5.084	6.935
3670128950	-1.202	5.094	6.962
3670128955	-1.206	5.142	7.014
3670128960	-1.197	5.233	7.087
3670128965	-1.178	5.358	7.152
3670128970	-1.146	5.511	7.235
3670128975	-1.093	5.68	7.316
3670128980	-1.009	5.842	7.367
3670128985	-0.894	5.966	7.363
3670128990	-0.759	6.025	7.309
3670128995	-0.615	6.024	7.212
3670129000	-0.475	5.971	7.086
3670129005	-0.351	5.881	6.939
3670129010	-0.267	5.773	6.797
3670129015	-0.213	5.68	6.673
3670129020	-0.182	5.606	6.562
3670129025	-0.182	5.558	6.464
3670129030	-0.206	5.535	6.385
3670129035	-0.247	5.531	6.313
3670129040	-0.284	5.527	6.258
3670129045	-0.315	5.516	6.231
3670129050	-0.321	5.496	6.243
3670129055	-0.296	5.462	6.295
3670129060	-0.231	5.427	6.395
3670129065	-0.146	5.393	6.525
3670129070	-0.044	5.361	6.66
3670129075	0.072	5.321	6.782
3670129080	0.192	5.269	6.886
3670129085	0.302	5.216	6.974
3670129090	0.397	5.168	7.075
3670129095	0.473	5.131	7.216
3670129100	0.511	5.118	7.409
3670129105	0.515	5.139	7.642
3670129110	0.502	5.175	7.896
3670129115	0.477	5.216	8.14
3670129120	0.446	5.254	8.335
3670129125	0.432	5.266	8.446
3670129130	0.434	5.244	8.48
3670129135	0.454	5.193	8.45
3670129140	0.488	5.129	8.378
3670129145	0.522	5.07	8.273
3670129150	0.538	5.041	8.171
3670129155	0.548	5.058	8.08
3670129160	0.538	5.121	8.004
3670129165	0.51	5.214	7.933
3670129170	0.474	5.332	7.878
3670129175	0.431	5.447	7.831
3670129180	0.37	5.547	7.793
3670129185	0.302	5.625	7.758
3670129190	0.242	5.675	7.733
3670129195	0.184	5.69	7.713
3670129200	0.144	5.683	7.7
3670129205	0.132	5.659	7.707
3670129210	0.151	5.626	7.728
3670129215	0.188	5.6	7.774
3670129220	0.252	5.585	7.854
3670129225	0.34	5.577	7.978
3670129230	0.441	5.573	8.123
3670129235	0.543	5.572	8.294
3670129240	0.647	5.563	8.461
3670129245	0.754	5.54	8.603
3670129250	0.848	5.51	8.688
3670129255	0.932	5.474	8.705
3670129260	1.004	5.447	8.65
3670129265	1.071	5.43	8.524
3670129270	1.111	5.429	8.325
3670129275	1.126	5.446	8.085
3670129280	1.104	5.487	7.825
3670129285	1.048	5.531	7.547
3670129290	0.957	5.572	7.267
3670129295	0.846	5.611	6.996
3670129300	0.72	5.649	6.737
3670129305	0.591	5.677	6.481
3670129310	0.455	5.705	6.243
3670129315	0.319	5.739	6.036
3670129320	0.19	5.77	5.875
3670129325	0.074	5.794	5.754
3670129330	-0.022	5.82	5.698
3670129336	-0.077	5.846	5.695
3670129341	-0.094	5.867	5.737
3670129346	-0.071	5.888	5.814
3670129351	0.006	5.911	5.938
3670129356	0.112	5.93	6.097
3670129361	0.228	5.945	6.288
3670129366	0.341	5.953	6.508
3670129371	0.439	5.957	6.743
3670129376	0.519	5.951	6.986
3670129381	0.591	5.933	7.223
3670129386	0.644	5.906	7.444
3670129391	0.683	5.877	7.655
3670129396	0.712	5.842	7.844
3670129401	0.716	5.809	7.998
3670129406	0.7	5.778	8.122
3670129411	0.666	5.743	8.22
3670129416	0.614	5.698	8.291
3670129421	0.531	5.647	8.353
3670129426	0.422	5.593	8.408
3670129431	0.289	5.538	8.443
3670129436	0.153	5.482	8.448
3670129441	0.009	5.434	8.418
3670129446	-0.113	5.392	8.342
3670129451	-0.217	5.367	8.23
3670129456	-0.293	5.365	8.101
3670129461	-0.354	5.385	7.973
3670129466	-0.377	5.438	7.852
3670129471	-0.372	5.521	7.753
3670129476	-0.328	5.619	7.683
3670129481	-0.247	5.726	7.636
3670129486	-0.116	5.843	7.619
3670129491	0.054	5.959	7.622
3670129496	0.244	6.065	7.636
3670129501	0.452	6.154	7.654
3670129506	0.669	6.221	7.68
3670129511	0.865	6.265	7.698
3670129516	1.02	6.279	7.729
3670129521	1.142	6.279	7.779
3670129526	1.22	6.265	7.835
3670129531	1.239	6.247	7.9
3670129536	1.203	6.228	7.988
3670129541	1.122	6.21	8.09
3670129546	1.012	6.181	8.195
3670129551	0.874	6.138	8.297
3670129556	0.74	6.071	8.385
3670129561	0.629	5.987	8.443
3670129566	0.548	5.896	8.453
3670129571	0.486	5.82	8.421
3670129576	0.444	5.776	8.352
3670129581	0.409	5.764	8.266
3670129586	0.387	5.773	8.175
3670129591	0.38	5.795	8.084
3670129596	0.385	5.816	8.0
3670129601	0.396	5.822	7.918
3670129606	0.417	5.824	7.821
3670129611	0.433	5.827	7.708
3670129616	0.432	5.837	7.59
3670129621	0.43	5.847	7.487
3670129626	0.439	5.876	7.433
3670129631	0.452	5.924	7.408
3670129636	0.457	5.99	7.386
3670129641	0.455	6.062	7.372
3670129646	0.437	6.137	7.336
3670129651	0.412	6.183	7.249
3670129656	0.391	6.19	7.152
3670129661	0.391	6.168	7.055
3670129666	0.42	6.131	6.942
3670129671	0.475	6.087	6.811
3670129676	0.53	6.056	6.696
3670129681	0.572	6.045	6.605
3670129686	0.597	6.061	6.546
3670129691	0.606	6.082	6.532
3670129696	0.614	6.116	6.583
3670129701	0.632	6.158	6.675
3670129706	0.653	6.205	6.776
3670129711	0.676	6.235	6.895
3670129716	0.686	6.256	7.022
3670129721	0.673	6.285	7.134
3670129726	0.631	6.333	7.229
3670129731	0.559	6.403	7.31
3670129736	0.457	6.492	7.379
3670129741	0.339	6.594	7.435
3670129746	0.211	6.687	7.482
3670129751	0.074	6.771	7.49
3670129756	-0.063	6.853	7.455
3670129761	-0.212	6.963	7.39
3670129766	-0.342	7.067	7.302
3670129771	-0.391	7.107	7.221
3670129777	-0.392	7.068	7.163
3670129782	-0.33	6.972	7.146
3670129787	-0.221	6.868	7.137
3670129792	-0.091	6.79	7.083
3670129797	0.007	6.766	6.987
3670129802	0.097	6.784	6.904
3670129807	0.201	6.79	6.851
3670129812	0.337	6.749	6.842
3670129817	0.46	6.701	6.871
3670129822	0.553	6.625	6.853
3670129827	0.651	6.535	6.814
3670129832	0.721	6.445	6.767
3670129837	0.776	6.317	6.685
3670129842	0.89	6.138	6.64
3670129847	1.016	6.037	6.694
3670129852	1.107	6.027	6.731
3670129857	1.171	6.08	6.703
3670129862	1.19	6.182	6.696
3670129867	1.117	6.33	6.693
3670129872	1.006	6.461	6.701
3670129877	0.836	6.597	6.747
3670129882	0.613	6.751	6.814
3670129887	0.388	6.904	6.888
3670129892	0.197	6.986	6.972
3670129897	0.089	6.956	7.05
3670129902	0.059	6.876	7.104
3670129907	0.079	6.779	7.153
3670129912	0.11	6.703	7.175
3670129917	0.121	6.697	7.159
3670129922	0.028	6.818	7.122
3670129927	-0.077	6.908	7.072
3670129932	-0.167	6.93	7.018
3670129937	-0.224	6.889	6.952
3670129942	-0.236	6.769	6.904
3670129947	-0.157	6.552	6.892
3670129952	-0.078	6.388	6.928
3670129957	-0.012	6.335	7.016
3670129962	0.049	6.401	7.16
3670129967	0.067	6.533	7.286
3670129972	0.053	6.666	7.35
3670129977	0.049	6.727	7.35
3670129982	0.06	6.694	7.287
3670129987	-0.0	6.665	7.132
3670129992	-0.06	6.613	6.96
3670129997	-0.006	6.455	6.848
3670130002	0.102	6.257	6.763
3670130007	0.205	6.079	6.687
3670130012	0.352	5.815	6.646
3670130017	0.479	5.585	6.65
3670130022	0.404	5.574	6.659
3670130027	0.217	5.695	6.714
3670130032	0.019	5.831	6.829
3670130037	-0.164	5.951	6.992
3670130042	-0.339	6.06	7.148
3670130047	-0.458	6.122	7.213
3670130052	-0.525	6.107	7.213
3670130057	-0.544	6.064	7.118
3670130062	-0.527	6.063	6.917
3670130067	-0.468	6.05	6.665
3670130072	-0.403	6.009	6.432
3670130077	-0.381	6.026	6.185
3670130082	-0.421	6.085	5.997
3670130087	-0.503	6.107	5.958
3670130092	-0.617	6.112	6.036
3670130097	-0.75	6.111	6.18
3670130102	-0.903	6.051	6.423
3670130107	-1.113	5.925	6.71
3670130112	-1.39	5.776	6.958
3670130117	-1.725	5.646	7.144
3670130122	-2.08	5.53	7.307
3670130127	-2.418	5.439	7.439
3670130132	-2.706	5.4	7.557
3670130137	-2.928	5.384	7.652
3670130142	-3.052	5.362	7.727
3670130147	-3.099	5.343	7.796
3670130152	-3.095	5.303	7.888
3670130157	-3.08	5.225	8.078
3670130162	-3.106	5.154	8.347
3670130167	-3.173	5.111	8.576
3670130172	-3.236	5.102	8.743
3670130177	-3.251	5.109	8.892
3670130182	-3.173	5.162	8.908
3670130187	-2.973	5.229	8.792
3670130192	-2.693	5.273	8.665
3670130197	-2.405	5.278	8.537
3670130202	-2.172	5.287	8.356
3670130207	-2.026	5.292	8.191
3670130212	-1.987	5.293	8.075
3670130217	-2.04	5.3	8.015
3670130223	-2.127	5.323	8.017
3670130228	-2.206	5.353	8.039
3670130233	-2.245	5.388	8.056
3670130238	-2.243	5.449	8.06
3670130243	-2.22	5.476	8.051
3670130248	-2.218	5.441	8.0
3670130253	-2.256	5.387	7.876
3670130258	-2.279	5.361	7.829
3670130263	-2.332	5.27	7.755
