3589140199	-0.322	1.871	9.366
3589140204	-0.375	1.905	9.326
3589140209	-0.425	1.924	9.301
3589140214	-0.512	1.963	9.244
3589140219	-0.595	1.991	9.194
3589140224	-0.665	1.999	9.182
3589140229	-0.704	1.994	9.198
3589140234	-0.73	1.971	9.23
3589140239	-0.742	1.944	9.287
3589140244	-0.754	1.919	9.356
3589140249	-0.768	1.901	9.412
3589140254	-0.792	1.916	9.492
3589140259	-0.841	1.983	9.612
3589140264	-0.909	2.064	9.785
3589140269	-0.976	2.119	10.004
3589140274	-1.029	2.132	10.259
3589140279	-1.051	2.093	10.491
3589140284	-1.023	2.014	10.659
3589140289	-0.947	1.941	10.737
3589140294	-0.841	1.91	10.76
3589140299	-0.723	1.94	10.733
3589140304	-0.645	1.997	10.635
3589140309	-0.649	2.036	10.453
3589140314	-0.71	2.036	10.214
3589140319	-0.763	2.013	9.925
3589140324	-0.776	1.971	9.615
3589140329	-0.722	1.933	9.339
3589140334	-0.585	1.934	9.121
3589140339	-0.412	1.981	8.952
3589140344	-0.29	2.021	8.807
3589140349	-0.253	2.047	8.699
3589140354	-0.268	2.076	8.621
3589140359	-0.295	2.082	8.583
3589140364	-0.292	2.035	8.591
3589140369	-0.175	1.897	8.627
3589140374	-0.005	1.755	8.713
3589140379	0.121	1.646	8.837
3589140384	0.165	1.637	8.986
3589140389	0.167	1.737	9.123
3589140394	0.022	2.01	9.324
3589140399	-0.196	2.324	9.502
3589140404	-0.37	2.601	9.644
3589140409	-0.451	2.772	9.749
3589140414	-0.504	2.836	9.836
3589140419	-0.486	2.799	9.831
3589140424	-0.397	2.666	9.792
3589140429	-0.201	2.399	9.753
3589140434	-0.006	2.114	9.74
3589140439	0.164	1.935	9.742
3589140444	0.327	1.863	9.768
3589140449	0.41	1.884	9.783
3589140454	0.328	2.034	9.776
3589140459	0.179	2.229	9.724
3589140465	0.019	2.376	9.662
3589140470	-0.169	2.448	9.613
3589140475	-0.328	2.488	9.558
3589140480	-0.407	2.521	9.484
3589140485	-0.416	2.512	9.469
3589140490	-0.399	2.458	9.459
3589140495	-0.34	2.427	9.321
3589140500	-0.223	2.446	9.159
3589140505	-0.114	2.493	9.035
3589140510	-0.043	2.565	8.857
3589140515	0.018	2.642	8.711
3589140520	0.042	2.672	8.701
3589140525	0.035	2.652	8.779
3589140530	0.033	2.611	8.894
3589140535	0.073	2.576	9.054
3589140540	0.183	2.611	9.152
3589140545	0.383	2.733	9.182
3589140550	0.589	2.89	9.19
3589140555	0.799	3.031	9.195
3589140560	0.981	3.102	9.204
3589140565	1.083	3.059	9.264
3589140570	1.093	2.904	9.366
3589140575	1.08	2.694	9.444
3589140580	1.029	2.488	9.467
3589140585	0.954	2.355	9.466
3589140590	0.856	2.305	9.453
3589140595	0.745	2.336	9.451
3589140600	0.61	2.432	9.469
3589140605	0.447	2.567	9.503
3589140610	0.267	2.708	9.525
3589140615	0.074	2.822	9.53
3589140620	-0.124	2.883	9.513
3589140625	-0.322	2.879	9.468
3589140630	-0.495	2.822	9.397
3589140635	-0.64	2.722	9.323
3589140640	-0.748	2.609	9.264
3589140645	-0.815	2.499	9.218
3589140650	-0.842	2.409	9.2
3589140655	-0.833	2.35	9.217
3589140660	-0.798	2.325	9.243
3589140665	-0.74	2.336	9.279
3589140670	-0.669	2.387	9.33
3589140675	-0.585	2.457	9.396
3589140680	-0.508	2.524	9.462
3589140685	-0.439	2.583	9.528
3589140690	-0.385	2.623	9.593
3589140695	-0.336	2.635	9.652
3589140700	-0.283	2.628	9.695
3589140705	-0.216	2.61	9.711
3589140710	-0.139	2.577	9.716
3589140715	-0.057	2.536	9.687
3589140720	0.008	2.5	9.625
3589140725	0.012	2.471	9.539
3589140730	-0.042	2.454	9.458
3589140735	-0.161	2.457	9.395
3589140740	-0.336	2.464	9.367
3589140745	-0.552	2.464	9.38
3589140750	-0.771	2.454	9.416
3589140755	-0.976	2.433	9.464
3589140760	-1.143	2.401	9.506
3589140765	-1.265	2.371	9.53
3589140770	-1.34	2.345	9.521
3589140775	-1.374	2.326	9.488
3589140780	-1.376	2.327	9.434
3589140785	-1.356	2.348	9.362
3589140790	-1.321	2.385	9.288
3589140795	-1.268	2.437	9.219
3589140800	-1.185	2.483	9.166
3589140805	-1.068	2.51	9.124
3589140810	-0.916	2.515	9.099
3589140815	-0.727	2.495	9.085
3589140820	-0.527	2.463	9.087
3589140825	-0.34	2.457	9.119
3589140830	-0.188	2.478	9.184
3589140835	-0.086	2.524	9.253
3589140840	-0.033	2.584	9.316
3589140845	-0.012	2.626	9.367
3589140850	-0.006	2.629	9.393
3589140855	0.001	2.588	9.404
3589140860	0.014	2.523	9.437
3589140865	0.024	2.45	9.485
3589140870	0.023	2.385	9.54
3589140875	0.007	2.34	9.587
3589140880	-0.017	2.318	9.611
3589140885	-0.048	2.309	9.605
3589140890	-0.079	2.316	9.572
3589140896	-0.103	2.33	9.52
3589140901	-0.119	2.347	9.463
3589140906	-0.145	2.37	9.406
3589140911	-0.174	2.391	9.344
3589140916	-0.205	2.414	9.299
3589140921	-0.235	2.437	9.269
3589140926	-0.259	2.457	9.251
3589140931	-0.268	2.477	9.247
3589140936	-0.262	2.502	9.256
3589140941	-0.237	2.515	9.271
3589140946	-0.203	2.524	9.298
3589140951	-0.157	2.533	9.337
3589140956	-0.1	2.548	9.387
3589140961	-0.042	2.558	9.43
3589140966	-0.0	2.572	9.457
3589140971	0.035	2.586	9.448
3589140976	0.062	2.583	9.4
3589140981	0.069	2.552	9.312
3589140986	0.069	2.509	9.202
3589140991	0.066	2.462	9.073
3589140996	0.048	2.418	8.951
3589141001	0.013	2.401	8.829
3589141006	-0.04	2.413	8.707
3589141011	-0.113	2.456	8.602
3589141016	-0.197	2.513	8.508
3589141021	-0.288	2.58	8.409
3589141026	-0.392	2.642	8.311
3589141031	-0.496	2.698	8.217
3589141036	-0.6	2.739	8.122
3589141041	-0.707	2.777	8.044
3589141046	-0.829	2.816	7.99
3589141051	-0.955	2.87	7.972
3589141056	-1.081	2.936	7.993
3589141061	-1.202	3.015	8.042
3589141066	-1.315	3.1	8.135
3589141071	-1.392	3.195	8.27
3589141076	-1.431	3.284	8.42
3589141081	-1.432	3.353	8.588
3589141086	-1.402	3.385	8.77
3589141091	-1.337	3.371	8.937
3589141096	-1.255	3.294	9.08
3589141101	-1.173	3.156	9.2
3589141106	-1.111	2.973	9.292
3589141111	-1.09	2.779	9.362
3589141116	-1.117	2.595	9.418
3589141121	-1.193	2.444	9.465
3589141126	-1.311	2.34	9.517
3589141131	-1.459	2.286	9.571
3589141136	-1.612	2.278	9.619
3589141141	-1.756	2.305	9.658
3589141146	-1.876	2.354	9.699
3589141151	-1.961	2.42	9.739
3589141156	-2.008	2.506	9.779
3589141161	-2.012	2.601	9.835
3589141166	-1.987	2.694	9.895
3589141171	-1.935	2.764	9.942
3589141176	-1.854	2.798	9.966
3589141181	-1.748	2.776	9.964
3589141186	-1.622	2.712	9.919
3589141191	-1.486	2.608	9.843
3589141196	-1.338	2.497	9.75
3589141201	-1.203	2.399	9.668
3589141206	-1.082	2.354	9.633
3589141211	-0.994	2.349	9.64
3589141216	-0.922	2.388	9.658
3589141221	-0.864	2.45	9.695
3589141226	-0.805	2.516	9.737
3589141231	-0.743	2.554	9.752
3589141236	-0.669	2.562	9.758
3589141241	-0.6	2.558	9.785
3589141246	-0.55	2.547	9.818
3589141251	-0.517	2.532	9.836
3589141256	-0.497	2.519	9.846
3589141261	-0.488	2.496	9.839
3589141266	-0.486	2.46	9.818
3589141271	-0.493	2.421	9.792
3589141276	-0.512	2.381	9.777
3589141281	-0.538	2.342	9.777
3589141286	-0.578	2.323	9.781
3589141291	-0.622	2.319	9.793
3589141296	-0.665	2.315	9.797
3589141301	-0.699	2.316	9.794
3589141306	-0.729	2.319	9.777
3589141311	-0.737	2.324	9.764
3589141316	-0.732	2.326	9.744
3589141321	-0.71	2.339	9.723
3589141326	-0.673	2.357	9.7
3589141331	-0.62	2.379	9.676
3589141336	-0.559	2.404	9.648
3589141342	-0.485	2.438	9.627
3589141347	-0.4	2.47	9.633
3589141352	-0.311	2.504	9.657
3589141357	-0.222	2.54	9.692
3589141362	-0.135	2.573	9.722
3589141367	-0.05	2.591	9.735
3589141372	0.031	2.598	9.71
3589141377	0.107	2.602	9.663
3589141382	0.168	2.602	9.615
3589141387	0.209	2.61	9.568
3589141392	0.214	2.634	9.526
3589141397	0.197	2.671	9.488
3589141402	0.156	2.722	9.447
3589141407	0.104	2.777	9.386
3589141412	0.046	2.824	9.311
3589141417	-0.005	2.864	9.227
3589141422	-0.058	2.892	9.149
3589141427	-0.113	2.907	9.085
3589141432	-0.167	2.908	9.042
3589141437	-0.21	2.903	9.016
3589141442	-0.242	2.883	9.0
3589141447	-0.258	2.865	8.986
3589141452	-0.259	2.846	8.971
3589141457	-0.249	2.827	8.953
3589141462	-0.228	2.813	8.946
3589141467	-0.194	2.802	8.95
3589141472	-0.16	2.796	8.972
3589141477	-0.125	2.791	9.002
3589141482	-0.083	2.788	9.029
3589141487	-0.052	2.777	9.051
3589141492	-0.033	2.77	9.07
3589141497	-0.019	2.757	9.075
3589141502	-0.012	2.749	9.071
3589141507	-0.023	2.751	9.075
3589141512	-0.036	2.755	9.082
3589141517	-0.053	2.764	9.101
3589141522	-0.073	2.776	9.132
3589141527	-0.095	2.789	9.167
3589141532	-0.108	2.799	9.195
3589141537	-0.129	2.797	9.21
3589141542	-0.149	2.791	9.221
3589141547	-0.169	2.784	9.236
3589141552	-0.197	2.771	9.258
3589141557	-0.229	2.752	9.282
3589141562	-0.264	2.746	9.31
3589141567	-0.304	2.735	9.33
3589141572	-0.349	2.713	9.335
3589141577	-0.383	2.69	9.322
3589141582	-0.418	2.666	9.31
3589141587	-0.447	2.644	9.302
3589141592	-0.466	2.635	9.301
3589141597	-0.467	2.634	9.305
3589141602	-0.466	2.635	9.309
3589141607	-0.446	2.632	9.313
3589141612	-0.4	2.623	9.308
3589141617	-0.345	2.598	9.298
3589141622	-0.294	2.575	9.285
3589141627	-0.244	2.554	9.279
3589141632	-0.207	2.536	9.268
3589141637	-0.191	2.529	9.267
3589141642	-0.191	2.534	9.269
3589141647	-0.198	2.543	9.269
3589141652	-0.207	2.55	9.264
3589141657	-0.221	2.561	9.266
3589141662	-0.237	2.566	9.26
3589141667	-0.254	2.569	9.239
3589141672	-0.271	2.575	9.217
3589141677	-0.292	2.584	9.197
3589141682	-0.318	2.59	9.173
3589141687	-0.343	2.601	9.153
3589141692	-0.369	2.619	9.145
3589141697	-0.396	2.636	9.142
3589141702	-0.414	2.661	9.138
3589141707	-0.416	2.683	9.139
3589141712	-0.409	2.7	9.139
3589141717	-0.393	2.71	9.147
3589141722	-0.374	2.726	9.161
3589141727	-0.353	2.736	9.187
3589141732	-0.331	2.75	9.216
3589141737	-0.308	2.768	9.257
3589141742	-0.274	2.786	9.297
3589141747	-0.231	2.798	9.325
3589141752	-0.189	2.793	9.338
3589141757	-0.148	2.787	9.34
3589141762	-0.117	2.781	9.323
3589141767	-0.106	2.778	9.299
3589141772	-0.106	2.775	9.27
3589141778	-0.116	2.795	9.249
3589141783	-0.13	2.824	9.23
3589141788	-0.149	2.86	9.21
3589141793	-0.164	2.904	9.183
3589141798	-0.181	2.954	9.155
3589141803	-0.2	2.99	9.128
3589141808	-0.226	3.007	9.11
3589141813	-0.246	3.013	9.107
3589141818	-0.27	3.008	9.122
3589141823	-0.29	2.99	9.151
3589141828	-0.309	2.974	9.193
3589141833	-0.326	2.963	9.248
3589141838	-0.341	2.949	9.308
3589141843	-0.353	2.927	9.378
3589141848	-0.365	2.906	9.463
3589141853	-0.369	2.878	9.551
3589141858	-0.368	2.854	9.625
3589141863	-0.364	2.837	9.692
3589141868	-0.355	2.826	9.741
3589141873	-0.344	2.817	9.765
3589141878	-0.333	2.822	9.77
3589141883	-0.317	2.84	9.774
3589141888	-0.291	2.861	9.77
3589141893	-0.261	2.885	9.752
3589141898	-0.227	2.912	9.722
3589141903	-0.185	2.929	9.68
3589141908	-0.142	2.934	9.623
3589141913	-0.098	2.94	9.569
3589141918	-0.046	2.945	9.519
3589141923	0.01	2.948	9.477
3589141928	0.075	2.963	9.443
3589141933	0.141	2.983	9.408
3589141938	0.189	2.992	9.364
3589141943	0.213	2.994	9.318
3589141948	0.226	2.987	9.281
3589141953	0.213	2.966	9.249
3589141958	0.187	2.945	9.223
3589141963	0.159	2.93	9.204
3589141968	0.134	2.921	9.188
3589141973	0.106	2.918	9.166
3589141978	0.069	2.918	9.139
3589141983	0.021	2.908	9.117
3589141988	-0.035	2.892	9.094
3589141993	-0.094	2.862	9.094
3589141998	-0.155	2.822	9.103
3589142003	-0.203	2.782	9.125
3589142008	-0.235	2.751	9.165
3589142013	-0.264	2.73	9.227
3589142018	-0.286	2.717	9.277
3589142023	-0.302	2.717	9.325
3589142028	-0.318	2.714	9.378
3589142033	-0.341	2.696	9.422
3589142038	-0.368	2.668	9.446
3589142043	-0.4	2.636	9.458
3589142048	-0.437	2.611	9.447
3589142053	-0.472	2.595	9.42
3589142058	-0.504	2.6	9.384
3589142063	-0.532	2.615	9.337
3589142068	-0.545	2.635	9.288
3589142073	-0.549	2.649	9.243
3589142078	-0.542	2.654	9.193
3589142083	-0.529	2.649	9.13
3589142088	-0.503	2.642	9.072
3589142093	-0.48	2.636	9.023
3589142098	-0.455	2.633	8.989
3589142103	-0.44	2.641	8.976
3589142108	-0.432	2.663	8.982
3589142113	-0.426	2.689	8.998
3589142118	-0.413	2.723	9.029
3589142123	-0.402	2.751	9.069
3589142128	-0.389	2.775	9.107
3589142133	-0.375	2.79	9.148
3589142138	-0.359	2.798	9.197
3589142143	-0.349	2.804	9.248
3589142148	-0.346	2.818	9.294
3589142153	-0.339	2.829	9.336
3589142158	-0.335	2.84	9.378
3589142163	-0.334	2.845	9.406
3589142168	-0.339	2.85	9.416
3589142173	-0.351	2.852	9.422
3589142178	-0.37	2.857	9.422
3589142183	-0.387	2.867	9.409
3589142188	-0.401	2.88	9.393
3589142193	-0.406	2.893	9.374
3589142198	-0.404	2.906	9.352
3589142203	-0.398	2.92	9.327
3589142208	-0.384	2.924	9.303
3589142214	-0.37	2.933	9.28
3589142219	-0.355	2.936	9.26
3589142224	-0.339	2.939	9.233
3589142229	-0.319	2.944	9.209
3589142234	-0.301	2.958	9.187
3589142239	-0.285	2.966	9.173
3589142244	-0.267	2.978	9.167
3589142249	-0.249	2.988	9.176
3589142254	-0.236	2.996	9.198
3589142259	-0.233	3.002	9.23
3589142264	-0.235	3.014	9.266
3589142269	-0.242	3.016	9.308
3589142274	-0.252	3.011	9.353
3589142279	-0.261	2.994	9.394
3589142284	-0.269	2.969	9.432
3589142289	-0.276	2.94	9.469
3589142294	-0.279	2.93	9.506
3589142299	-0.281	2.927	9.53
3589142304	-0.284	2.929	9.547
3589142309	-0.279	2.939	9.556
3589142314	-0.269	2.951	9.555
3589142319	-0.258	2.948	9.532
3589142324	-0.236	2.939	9.493
3589142329	-0.209	2.929	9.45
3589142334	-0.179	2.919	9.396
3589142339	-0.153	2.909	9.332
3589142344	-0.142	2.899	9.275
3589142349	-0.14	2.89	9.224
3589142354	-0.146	2.881	9.175
3589142359	-0.161	2.864	9.136
3589142364	-0.175	2.841	9.102
3589142369	-0.179	2.817	9.084
3589142374	-0.189	2.797	9.083
3589142379	-0.209	2.778	9.084
3589142384	-0.235	2.773	9.098
3589142389	-0.263	2.763	9.128
3589142394	-0.292	2.759	9.158
3589142399	-0.307	2.756	9.196
3589142404	-0.311	2.759	9.246
3589142409	-0.301	2.753	9.291
3589142414	-0.283	2.749	9.326
3589142419	-0.26	2.733	9.346
3589142424	-0.249	2.712	9.354
3589142429	-0.238	2.68	9.353
3589142434	-0.238	2.649	9.347
3589142439	-0.247	2.63	9.345
3589142444	-0.261	2.63	9.349
3589142449	-0.28	2.643	9.357
3589142454	-0.305	2.67	9.352
3589142459	-0.327	2.703	9.338
3589142464	-0.348	2.728	9.316
3589142469	-0.369	2.736	9.29
3589142474	-0.381	2.737	9.25
3589142479	-0.392	2.73	9.221
3589142484	-0.403	2.713	9.198
3589142489	-0.409	2.706	9.167
3589142494	-0.417	2.715	9.138
3589142499	-0.433	2.719	9.115
3589142504	-0.446	2.732	9.094
3589142509	-0.453	2.752	9.07
3589142514	-0.463	2.766	9.058
3589142519	-0.468	2.768	9.044
3589142524	-0.46	2.773	9.035
3589142529	-0.448	2.776	9.03
3589142534	-0.437	2.777	9.047
3589142539	-0.422	2.791	9.076
3589142544	-0.407	2.809	9.111
3589142549	-0.392	2.826	9.15
3589142554	-0.371	2.84	9.185
3589142559	-0.347	2.845	9.202
3589142564	-0.326	2.834	9.217
3589142569	-0.313	2.818	9.233
3589142574	-0.311	2.809	9.235
3589142579	-0.316	2.799	9.239
3589142584	-0.332	2.802	9.253
3589142589	-0.355	2.822	9.261
3589142594	-0.374	2.844	9.257
3589142599	-0.382	2.855	9.254
3589142604	-0.383	2.869	9.245
3589142609	-0.374	2.868	9.216
3589142614	-0.355	2.855	9.175
3589142619	-0.339	2.847	9.135
3589142624	-0.332	2.847	9.094
3589142629	-0.336	2.852	9.054
3589142634	-0.346	2.884	9.015
3589142639	-0.36	2.919	8.983
3589142644	-0.373	2.955	8.951
3589142649	-0.384	2.984	8.924
3589142655	-0.391	3.005	8.903
3589142660	-0.405	3.007	8.898
3589142665	-0.42	3.011	8.912
3589142670	-0.444	3.026	8.948
3589142675	-0.467	3.044	9.0
3589142680	-0.496	3.055	9.071
3589142685	-0.512	3.069	9.146
3589142690	-0.522	3.072	9.229
3589142695	-0.517	3.059	9.312
3589142700	-0.506	3.036	9.396
3589142705	-0.48	3.016	9.473
3589142710	-0.455	2.991	9.543
3589142715	-0.427	2.969	9.601
3589142720	-0.399	2.955	9.652
3589142725	-0.365	2.954	9.694
3589142730	-0.333	2.965	9.733
3589142735	-0.298	2.983	9.773
3589142740	-0.255	3.007	9.803
3589142745	-0.203	3.027	9.818
3589142750	-0.156	3.04	9.824
3589142755	-0.114	3.039	9.808
3589142760	-0.069	3.027	9.789
3589142765	-0.032	3.016	9.773
3589142770	-0.017	3.008	9.757
3589142775	-0.001	3.009	9.738
3589142780	0.006	3.019	9.726
3589142785	0.002	3.03	9.7
3589142790	-0.017	3.028	9.659
3589142795	-0.031	3.012	9.62
3589142800	-0.056	2.986	9.581
3589142805	-0.086	2.957	9.535
3589142810	-0.123	2.929	9.499
3589142815	-0.16	2.904	9.457
3589142820	-0.201	2.884	9.411
3589142825	-0.24	2.866	9.367
3589142830	-0.277	2.842	9.325
3589142835	-0.316	2.815	9.275
3589142840	-0.351	2.789	9.236
3589142845	-0.393	2.764	9.201
3589142850	-0.432	2.737	9.17
3589142855	-0.465	2.717	9.143
3589142860	-0.489	2.695	9.118
3589142865	-0.506	2.675	9.1
3589142870	-0.501	2.656	9.082
3589142875	-0.495	2.641	9.061
3589142880	-0.492	2.632	9.04
3589142885	-0.485	2.637	9.018
3589142890	-0.481	2.648	8.999
3589142895	-0.488	2.665	8.986
3589142900	-0.493	2.685	8.975
3589142905	-0.488	2.702	8.967
3589142910	-0.481	2.707	8.966
3589142915	-0.473	2.709	8.962
3589142920	-0.457	2.707	8.965
3589142925	-0.442	2.702	8.978
3589142930	-0.435	2.698	8.997
3589142935	-0.43	2.7	9.019
3589142940	-0.432	2.704	9.052
3589142945	-0.44	2.71	9.078
3589142950	-0.45	2.717	9.104
3589142955	-0.462	2.717	9.128
3589142960	-0.481	2.716	9.16
3589142965	-0.496	2.713	9.192
3589142970	-0.5	2.715	9.225
3589142975	-0.5	2.723	9.259
3589142980	-0.493	2.74	9.29
3589142985	-0.481	2.758	9.319
3589142990	-0.46	2.773	9.332
3589142995	-0.446	2.776	9.346
3589143000	-0.43	2.771	9.356
3589143005	-0.414	2.763	9.356
3589143010	-0.396	2.754	9.353
3589143015	-0.383	2.756	9.363
3589143020	-0.376	2.776	9.369
3589143025	-0.369	2.8	9.381
3589143030	-0.359	2.829	9.409
3589143035	-0.353	2.856	9.435
3589143040	-0.34	2.874	9.448
3589143045	-0.32	2.875	9.451
3589143050	-0.295	2.865	9.447
3589143055	-0.264	2.84	9.433
3589143060	-0.231	2.817	9.413
3589143065	-0.211	2.805	9.395
3589143070	-0.205	2.81	9.391
3589143075	-0.21	2.828	9.379
3589143080	-0.229	2.852	9.364
3589143085	-0.252	2.873	9.346
3589143090	-0.271	2.884	9.326
3589143096	-0.279	2.875	9.297
3589143101	-0.286	2.848	9.27
3589143106	-0.293	2.823	9.241
3589143111	-0.301	2.801	9.213
3589143116	-0.317	2.784	9.191
3589143121	-0.342	2.779	9.187
3589143126	-0.366	2.788	9.191
3589143131	-0.392	2.792	9.203
3589143136	-0.417	2.795	9.224
3589143141	-0.433	2.784	9.248
3589143146	-0.446	2.765	9.264
3589143151	-0.457	2.738	9.283
3589143156	-0.465	2.718	9.306
3589143161	-0.476	2.695	9.331
3589143166	-0.488	2.688	9.357
3589143171	-0.499	2.678	9.383
3589143176	-0.509	2.679	9.406
3589143181	-0.523	2.684	9.419
3589143186	-0.535	2.692	9.433
3589143191	-0.541	2.693	9.436
3589143196	-0.538	2.705	9.435
3589143201	-0.527	2.714	9.433
3589143206	-0.502	2.722	9.43
3589143211	-0.469	2.725	9.421
3589143216	-0.43	2.727	9.405
3589143221	-0.396	2.725	9.389
3589143226	-0.37	2.718	9.363
3589143231	-0.348	2.709	9.338
3589143236	-0.335	2.71	9.318
3589143241	-0.337	2.72	9.307
3589143246	-0.345	2.736	9.301
3589143251	-0.348	2.755	9.299
3589143256	-0.359	2.768	9.303
3589143261	-0.362	2.767	9.306
3589143266	-0.362	2.748	9.312
3589143271	-0.365	2.722	9.319
3589143276	-0.378	2.703	9.332
3589143281	-0.389	2.694	9.344
3589143286	-0.416	2.7	9.361
3589143291	-0.445	2.721	9.374
3589143296	-0.47	2.746	9.385
3589143301	-0.487	2.76	9.391
3589143306	-0.5	2.767	9.39
3589143311	-0.501	2.758	9.378
3589143316	-0.487	2.74	9.365
3589143321	-0.471	2.72	9.345
3589143326	-0.456	2.714	9.32
3589143331	-0.447	2.717	9.3
3589143336	-0.44	2.735	9.279
3589143341	-0.438	2.749	9.246
3589143346	-0.433	2.757	9.211
3589143351	-0.431	2.751	9.187
3589143356	-0.43	2.737	9.163
3589143361	-0.441	2.724	9.138
3589143366	-0.463	2.722	9.124
3589143371	-0.496	2.733	9.125
3589143376	-0.525	2.751	9.133
3589143381	-0.554	2.767	9.135
3589143386	-0.573	2.776	9.15
3589143391	-0.572	2.781	9.172
3589143396	-0.559	2.775	9.179
3589143401	-0.548	2.771	9.176
3589143406	-0.532	2.769	9.174
3589143411	-0.508	2.766	9.171
3589143416	-0.496	2.769	9.17
3589143421	-0.484	2.782	9.173
3589143426	-0.469	2.793	9.182
3589143431	-0.454	2.806	9.194
3589143436	-0.444	2.826	9.207
3589143441	-0.428	2.83	9.222
3589143446	-0.415	2.833	9.243
3589143451	-0.401	2.833	9.261
3589143456	-0.385	2.829	9.276
3589143461	-0.376	2.822	9.287
3589143466	-0.38	2.821	9.291
3589143471	-0.389	2.815	9.283
3589143476	-0.407	2.81	9.276
3589143481	-0.436	2.804	9.27
3589143486	-0.464	2.798	9.26
3589143491	-0.489	2.797	9.25
3589143496	-0.513	2.807	9.252
3589143501	-0.539	2.82	9.248
3589143506	-0.556	2.832	9.242
3589143511	-0.567	2.841	9.24
3589143516	-0.572	2.844	9.237
3589143521	-0.572	2.832	9.234
3589143526	-0.568	2.812	9.245
3589143532	-0.567	2.802	9.265
3589143537	-0.569	2.795	9.291
3589143542	-0.579	2.793	9.324
3589143547	-0.593	2.798	9.368
3589143552	-0.6	2.81	9.399
3589143557	-0.6	2.824	9.436
3589143562	-0.592	2.833	9.469
3589143567	-0.58	2.84	9.5
3589143572	-0.555	2.845	9.516
3589143577	-0.536	2.851	9.535
3589143582	-0.523	2.861	9.538
3589143587	-0.51	2.879	9.534
3589143592	-0.486	2.901	9.523
3589143597	-0.463	2.927	9.494
3589143602	-0.435	2.952	9.464
3589143607	-0.398	2.968	9.432
3589143612	-0.366	2.981	9.391
3589143617	-0.346	2.985	9.347
3589143622	-0.345	2.985	9.316
3589143627	-0.364	2.974	9.282
3589143632	-0.405	2.958	9.246
3589143637	-0.46	2.942	9.221
3589143642	-0.524	2.929	9.194
3589143647	-0.588	2.916	9.168
3589143652	-0.647	2.911	9.147
3589143657	-0.693	2.908	9.129
3589143662	-0.729	2.908	9.112
3589143667	-0.751	2.908	9.11
3589143672	-0.761	2.908	9.12
3589143677	-0.76	2.91	9.141
3589143682	-0.751	2.91	9.171
3589143687	-0.74	2.911	9.213
3589143692	-0.731	2.908	9.258
3589143697	-0.72	2.904	9.295
3589143702	-0.706	2.891	9.332
3589143707	-0.698	2.881	9.371
3589143712	-0.687	2.875	9.404
3589143717	-0.68	2.874	9.423
3589143722	-0.678	2.882	9.439
3589143727	-0.688	2.891	9.449
3589143732	-0.688	2.906	9.444
3589143737	-0.682	2.913	9.429
3589143742	-0.671	2.919	9.419
3589143747	-0.649	2.915	9.404
3589143752	-0.614	2.915	9.38
3589143757	-0.595	2.91	9.356
3589143762	-0.58	2.912	9.334
3589143767	-0.56	2.913	9.315
3589143772	-0.547	2.91	9.307
3589143777	-0.533	2.907	9.306
3589143782	-0.514	2.903	9.308
3589143787	-0.493	2.894	9.318
3589143792	-0.479	2.886	9.325
3589143797	-0.47	2.88	9.329
3589143802	-0.47	2.872	9.338
3589143807	-0.47	2.86	9.35
3589143812	-0.466	2.842	9.359
3589143817	-0.464	2.818	9.372
3589143822	-0.458	2.808	9.38
3589143827	-0.455	2.794	9.373
3589143832	-0.45	2.79	9.368
3589143837	-0.458	2.788	9.362
3589143842	-0.466	2.784	9.343
3589143847	-0.472	2.766	9.324
3589143852	-0.474	2.751	9.309
3589143857	-0.478	2.727	9.288
3589143862	-0.478	2.707	9.262
3589143867	-0.482	2.706	9.239
3589143872	-0.484	2.713	9.215
3589143877	-0.483	2.724	9.198
3589143882	-0.473	2.742	9.183
3589143887	-0.453	2.754	9.172
3589143892	-0.427	2.757	9.162
3589143897	-0.393	2.755	9.151
3589143902	-0.354	2.751	9.141
3589143907	-0.314	2.748	9.134
3589143912	-0.285	2.748	9.12
3589143917	-0.254	2.754	9.102
3589143922	-0.235	2.761	9.081
3589143927	-0.227	2.771	9.058
3589143932	-0.224	2.787	9.024
3589143937	-0.218	2.803	8.988
3589143942	-0.224	2.811	8.965
3589143947	-0.231	2.82	8.947
3589143952	-0.237	2.836	8.925
3589143957	-0.245	2.84	8.922
3589143962	-0.251	2.853	8.934
3589143967	-0.249	2.865	8.945
3589143973	-0.248	2.874	8.955
3589143978	-0.248	2.872	8.975
3589143983	-0.248	2.87	8.997
3589143988	-0.262	2.861	9.014
3589143993	-0.283	2.853	9.036
3589143998	-0.31	2.855	9.059
3589144003	-0.334	2.863	9.083
3589144008	-0.357	2.87	9.102
3589144013	-0.375	2.878	9.12
3589144018	-0.387	2.89	9.138
3589144023	-0.39	2.901	9.151
3589144028	-0.388	2.904	9.163
3589144033	-0.386	2.911	9.169
3589144038	-0.378	2.919	9.179
3589144043	-0.374	2.925	9.193
3589144048	-0.37	2.927	9.219
3589144053	-0.368	2.933	9.24
3589144058	-0.371	2.935	9.267
3589144063	-0.375	2.929	9.295
3589144068	-0.382	2.92	9.319
3589144073	-0.393	2.913	9.344
3589144078	-0.409	2.908	9.373
3589144083	-0.421	2.915	9.403
3589144088	-0.44	2.933	9.425
3589144093	-0.455	2.959	9.436
3589144098	-0.467	2.988	9.441
3589144103	-0.475	3.006	9.451
3589144108	-0.476	3.015	9.452
3589144113	-0.467	3.018	9.453
3589144118	-0.461	3.012	9.452
3589144123	-0.457	2.997	9.442
3589144128	-0.456	2.996	9.424
3589144133	-0.472	2.997	9.408
3589144138	-0.495	2.999	9.389
3589144143	-0.512	3.002	9.377
3589144148	-0.526	3.018	9.368
3589144153	-0.541	3.029	9.361
3589144158	-0.545	3.033	9.353
3589144163	-0.546	3.036	9.35
3589144168	-0.541	3.035	9.355
3589144173	-0.53	3.031	9.36
3589144178	-0.513	3.019	9.36
3589144183	-0.499	3.008	9.367
3589144188	-0.482	2.994	9.373
3589144193	-0.468	2.988	9.378
3589144198	-0.465	2.975	9.381
3589144203	-0.476	2.966	9.39
3589144208	-0.489	2.958	9.399
3589144213	-0.508	2.945	9.406
3589144218	-0.537	2.927	9.409
3589144223	-0.564	2.918	9.413
3589144228	-0.576	2.905	9.411
3589144233	-0.582	2.902	9.407
3589144238	-0.582	2.906	9.4
3589144243	-0.574	2.909	9.385
3589144248	-0.564	2.9	9.365
3589144253	-0.554	2.896	9.345
3589144258	-0.547	2.888	9.318
3589144263	-0.549	2.881	9.29
3589144268	-0.554	2.874	9.256
3589144273	-0.56	2.873	9.229
3589144278	-0.571	2.867	9.212
3589144283	-0.586	2.858	9.198
3589144288	-0.595	2.844	9.187
3589144293	-0.6	2.834	9.187
3589144298	-0.608	2.819	9.192
3589144303	-0.609	2.806	9.195
3589144308	-0.602	2.799	9.203
3589144313	-0.6	2.792	9.22
3589144318	-0.608	2.785	9.237
3589144323	-0.61	2.789	9.253
3589144328	-0.615	2.791	9.276
3589144333	-0.624	2.788	9.292
3589144338	-0.619	2.793	9.29
3589144343	-0.601	2.8	9.289
3589144348	-0.582	2.802	9.28
3589144353	-0.555	2.812	9.262
3589144358	-0.514	2.822	9.24
3589144363	-0.48	2.824	9.225
3589144368	-0.445	2.823	9.206
3589144373	-0.407	2.825	9.189
3589144378	-0.374	2.823	9.17
3589144383	-0.357	2.824	9.161
3589144388	-0.346	2.826	9.15
3589144393	-0.345	2.829	9.146
3589144398	-0.359	2.832	9.137
3589144403	-0.383	2.834	9.133
3589144409	-0.414	2.831	9.128
3589144414	-0.447	2.825	9.127
3589144419	-0.483	2.821	9.125
3589144424	-0.515	2.817	9.128
3589144429	-0.539	2.819	9.131
3589144434	-0.554	2.824	9.135
3589144439	-0.557	2.839	9.142
3589144444	-0.546	2.847	9.147
3589144449	-0.524	2.85	9.153
3589144454	-0.496	2.851	9.151
3589144459	-0.463	2.852	9.148
3589144464	-0.435	2.854	9.141
3589144469	-0.414	2.861	9.132
3589144474	-0.41	2.868	9.113
3589144479	-0.418	2.882	9.1
3589144484	-0.433	2.898	9.087
3589144489	-0.449	2.917	9.077
3589144494	-0.462	2.939	9.073
3589144499	-0.464	2.961	9.079
3589144504	-0.461	2.981	9.079
3589144509	-0.447	2.99	9.083
3589144514	-0.425	2.992	9.086
3589144519	-0.408	2.989	9.101
3589144524	-0.404	2.985	9.129
3589144529	-0.409	2.979	9.168
3589144534	-0.431	2.977	9.218
3589144539	-0.468	2.974	9.269
3589144544	-0.505	2.971	9.321
3589144549	-0.537	2.967	9.37
3589144554	-0.565	2.962	9.418
3589144559	-0.581	2.951	9.473
3589144564	-0.584	2.944	9.528
3589144569	-0.582	2.941	9.576
3589144574	-0.572	2.942	9.624
3589144579	-0.546	2.945	9.665
3589144584	-0.51	2.947	9.682
3589144589	-0.472	2.952	9.693
3589144594	-0.43	2.957	9.689
3589144599	-0.386	2.962	9.67
3589144604	-0.352	2.969	9.643
3589144609	-0.321	2.981	9.62
3589144614	-0.296	2.994	9.591
3589144619	-0.274	2.998	9.557
3589144624	-0.258	2.997	9.52
3589144629	-0.245	2.987	9.481
3589144634	-0.246	2.982	9.435
3589144639	-0.253	2.966	9.387
3589144644	-0.266	2.95	9.354
3589144649	-0.282	2.938	9.328
3589144654	-0.304	2.93	9.304
3589144659	-0.325	2.915	9.288
3589144664	-0.346	2.904	9.282
3589144669	-0.364	2.904	9.278
3589144674	-0.375	2.903	9.276
3589144679	-0.382	2.896	9.277
3589144684	-0.382	2.891	9.285
3589144689	-0.376	2.884	9.285
3589144694	-0.364	2.864	9.282
3589144699	-0.353	2.843	9.278
3589144704	-0.349	2.831	9.276
3589144709	-0.352	2.821	9.265
3589144714	-0.356	2.817	9.254
3589144719	-0.366	2.826	9.233
3589144724	-0.376	2.835	9.208
3589144729	-0.383	2.84	9.177
3589144734	-0.387	2.845	9.144
3589144739	-0.396	2.853	9.115
3589144744	-0.397	2.846	9.084
3589144749	-0.402	2.843	9.055
3589144754	-0.405	2.84	9.028
3589144759	-0.41	2.838	9.015
3589144764	-0.409	2.836	9.007
3589144769	-0.421	2.846	9.007
3589144774	-0.432	2.863	9.022
3589144779	-0.437	2.873	9.038
3589144784	-0.435	2.876	9.048
3589144789	-0.43	2.879	9.058
3589144794	-0.417	2.876	9.078
3589144799	-0.405	2.865	9.088
3589144804	-0.394	2.854	9.102
3589144809	-0.387	2.854	9.119
3589144814	-0.392	2.843	9.128
3589144819	-0.402	2.838	9.128
3589144824	-0.41	2.832	9.131
3589144829	-0.425	2.83	9.134
3589144834	-0.449	2.823	9.132
3589144839	-0.482	2.833	9.13
3589144844	-0.515	2.845	9.127
3589144850	-0.549	2.864	9.114
3589144855	-0.584	2.878	9.103
3589144860	-0.611	2.895	9.092
3589144865	-0.619	2.9	9.087
3589144870	-0.619	2.902	9.078
3589144875	-0.613	2.891	9.072
3589144880	-0.602	2.88	9.068
3589144885	-0.589	2.87	9.073
3589144890	-0.582	2.867	9.076
3589144895	-0.582	2.867	9.096
3589144900	-0.595	2.879	9.118
3589144905	-0.602	2.895	9.139
3589144910	-0.605	2.909	9.156
3589144915	-0.606	2.912	9.177
3589144920	-0.598	2.912	9.194
3589144925	-0.583	2.91	9.215
3589144930	-0.566	2.914	9.236
3589144935	-0.556	2.918	9.26
3589144940	-0.548	2.932	9.272
3589144945	-0.542	2.945	9.283
3589144950	-0.538	2.956	9.302
3589144955	-0.535	2.967	9.32
3589144960	-0.533	2.978	9.344
3589144965	-0.527	2.99	9.381
3589144970	-0.522	3.002	9.42
3589144975	-0.512	3.008	9.454
3589144980	-0.508	3.013	9.493
3589144985	-0.501	3.011	9.526
3589144990	-0.49	3.006	9.565
3589144995	-0.482	2.994	9.609
3589145000	-0.478	2.979	9.646
3589145005	-0.474	2.965	9.679
3589145010	-0.479	2.949	9.706
3589145015	-0.494	2.936	9.721
3589145020	-0.509	2.93	9.727
3589145025	-0.524	2.931	9.729
3589145030	-0.543	2.927	9.72
3589145035	-0.554	2.929	9.707
3589145040	-0.556	2.928	9.676
3589145045	-0.557	2.924	9.636
3589145050	-0.556	2.917	9.586
3589145055	-0.546	2.915	9.53
3589145060	-0.538	2.916	9.464
3589145065	-0.53	2.92	9.401
3589145070	-0.519	2.921	9.329
3589145075	-0.51	2.924	9.268
3589145080	-0.497	2.931	9.213
3589145085	-0.48	2.932	9.161
3589145090	-0.462	2.929	9.124
3589145095	-0.438	2.927	9.094
3589145100	-0.404	2.929	9.067
3589145105	-0.373	2.924	9.051
3589145110	-0.343	2.922	9.053
3589145115	-0.321	2.927	9.058
3589145120	-0.31	2.931	9.075
3589145125	-0.312	2.934	9.099
3589145130	-0.318	2.929	9.113
3589145135	-0.323	2.92	9.122
3589145140	-0.325	2.909	9.134
3589145145	-0.328	2.9	9.145
3589145150	-0.331	2.891	9.161
3589145155	-0.332	2.894	9.179
3589145160	-0.334	2.891	9.196
3589145165	-0.341	2.888	9.213
3589145170	-0.342	2.88	9.223
3589145175	-0.337	2.87	9.228
3589145180	-0.34	2.862	9.238
3589145185	-0.345	2.856	9.255
3589145190	-0.348	2.851	9.264
3589145195	-0.354	2.851	9.268
3589145200	-0.358	2.855	9.262
3589145205	-0.355	2.856	9.252
3589145210	-0.348	2.859	9.228
3589145215	-0.341	2.867	9.202
3589145220	-0.336	2.875	9.17
3589145225	-0.336	2.887	9.138
3589145230	-0.333	2.893	9.105
3589145235	-0.332	2.899	9.077
3589145240	-0.326	2.898	9.045
3589145245	-0.315	2.896	9.024
3589145250	-0.308	2.888	9.012
3589145255	-0.316	2.88	8.997
3589145260	-0.336	2.873	8.983
3589145265	-0.36	2.864	8.977
3589145270	-0.395	2.852	8.984
3589145275	-0.429	2.847	8.998
3589145280	-0.462	2.842	9.016
3589145285	-0.49	2.847	9.043
3589145291	-0.522	2.855	9.075
3589145296	-0.544	2.865	9.104
3589145301	-0.558	2.867	9.127
3589145306	-0.56	2.87	9.157
3589145311	-0.549	2.873	9.188
3589145316	-0.523	2.869	9.213
3589145321	-0.494	2.863	9.231
3589145326	-0.469	2.863	9.248
3589145331	-0.452	2.864	9.256
3589145336	-0.445	2.863	9.262
3589145341	-0.442	2.869	9.27
3589145346	-0.447	2.868	9.276
3589145351	-0.455	2.866	9.28
3589145356	-0.462	2.869	9.29
3589145361	-0.467	2.87	9.294
3589145366	-0.48	2.873	9.294
3589145371	-0.492	2.89	9.299
3589145376	-0.492	2.903	9.311
3589145381	-0.487	2.917	9.321
3589145386	-0.472	2.925	9.335
3589145391	-0.449	2.929	9.35
3589145396	-0.428	2.918	9.372
3589145401	-0.41	2.906	9.387
3589145406	-0.4	2.885	9.399
3589145411	-0.406	2.866	9.413
3589145416	-0.423	2.846	9.428
3589145421	-0.449	2.837	9.425
3589145426	-0.478	2.837	9.425
3589145431	-0.509	2.851	9.436
3589145436	-0.54	2.864	9.442
3589145441	-0.557	2.881	9.444
3589145446	-0.556	2.893	9.454
3589145451	-0.547	2.903	9.452
3589145456	-0.526	2.899	9.435
3589145461	-0.491	2.896	9.419
3589145466	-0.456	2.895	9.397
3589145471	-0.426	2.895	9.367
3589145476	-0.398	2.895	9.347
3589145481	-0.376	2.906	9.33
3589145486	-0.357	2.915	9.312
3589145491	-0.346	2.924	9.297
3589145496	-0.336	2.94	9.285
3589145501	-0.322	2.953	9.276
3589145506	-0.305	2.957	9.272
3589145511	-0.29	2.964	9.276
3589145516	-0.266	2.976	9.286
3589145521	-0.241	2.988	9.303
3589145526	-0.212	2.994	9.318
3589145531	-0.185	2.998	9.336
3589145536	-0.152	2.997	9.346
3589145541	-0.125	2.986	9.359
3589145546	-0.099	2.968	9.368
3589145551	-0.09	2.957	9.37
3589145556	-0.099	2.948	9.363
3589145561	-0.121	2.943	9.36
3589145566	-0.152	2.94	9.352
3589145571	-0.189	2.94	9.336
3589145576	-0.232	2.937	9.319
3589145581	-0.261	2.937	9.293
3589145586	-0.284	2.937	9.263
3589145591	-0.301	2.929	9.219
3589145596	-0.314	2.919	9.181
3589145601	-0.314	2.918	9.149
3589145606	-0.319	2.913	9.12
3589145611	-0.326	2.902	9.085
3589145616	-0.331	2.899	9.063
3589145621	-0.331	2.9	9.046
3589145626	-0.336	2.891	9.022
3589145631	-0.35	2.881	9.001
3589145636	-0.358	2.873	8.988
3589145641	-0.374	2.866	8.976
3589145646	-0.402	2.859	8.96
3589145651	-0.425	2.862	8.952
3589145656	-0.443	2.867	8.955
3589145661	-0.47	2.877	8.962
3589145666	-0.489	2.889	8.973
3589145671	-0.5	2.898	8.998
3589145676	-0.505	2.898	9.031
3589145681	-0.494	2.896	9.07
3589145686	-0.473	2.889	9.114
3589145691	-0.455	2.882	9.171
3589145696	-0.433	2.876	9.225
3589145701	-0.417	2.868	9.279
3589145706	-0.418	2.861	9.322
3589145711	-0.425	2.851	9.363
3589145716	-0.436	2.847	9.388
3589145721	-0.456	2.851	9.4
3589145727	-0.483	2.86	9.399
3589145732	-0.506	2.874	9.387
3589145737	-0.529	2.895	9.362
3589145742	-0.551	2.907	9.334
3589145747	-0.562	2.91	9.308
3589145752	-0.557	2.91	9.288
3589145757	-0.545	2.909	9.272
3589145762	-0.523	2.904	9.264
3589145767	-0.49	2.907	9.27
3589145772	-0.463	2.913	9.278
3589145777	-0.447	2.918	9.286
3589145782	-0.432	2.924	9.311
3589145787	-0.432	2.93	9.342
3589145792	-0.442	2.926	9.357
3589145797	-0.451	2.924	9.376
3589145802	-0.459	2.918	9.392
3589145807	-0.476	2.913	9.391
3589145812	-0.486	2.917	9.382
3589145817	-0.497	2.924	9.375
3589145822	-0.508	2.935	9.361
3589145827	-0.518	2.952	9.343
3589145832	-0.518	2.97	9.328
3589145837	-0.518	2.98	9.306
3589145842	-0.51	2.993	9.283
3589145847	-0.503	3.0	9.264
3589145852	-0.49	2.999	9.245
3589145857	-0.483	2.997	9.23
3589145862	-0.477	2.999	9.224
3589145867	-0.473	2.996	9.214
3589145872	-0.462	2.991	9.201
3589145877	-0.455	2.99	9.194
3589145882	-0.445	2.995	9.187
3589145887	-0.437	3.003	9.183
3589145892	-0.429	3.011	9.181
3589145897	-0.43	3.023	9.177
3589145902	-0.433	3.032	9.182
3589145907	-0.425	3.036	9.193
3589145912	-0.412	3.029	9.195
3589145917	-0.408	3.018	9.206
3589145922	-0.401	3.01	9.225
3589145927	-0.397	3.004	9.238
3589145932	-0.403	2.987	9.243
3589145937	-0.412	2.97	9.254
3589145942	-0.412	2.956	9.257
3589145947	-0.425	2.937	9.26
3589145952	-0.439	2.925	9.262
3589145957	-0.452	2.93	9.266
3589145962	-0.472	2.933	9.261
3589145967	-0.491	2.943	9.261
3589145972	-0.493	2.949	9.252
3589145977	-0.49	2.948	9.241
3589145982	-0.481	2.93	9.227
3589145987	-0.47	2.918	9.216
3589145992	-0.461	2.907	9.206
3589145997	-0.466	2.898	9.207
3589146002	-0.476	2.899	9.21
3589146007	-0.497	2.906	9.213
3589146012	-0.52	2.908	9.223
3589146017	-0.55	2.905	9.229
3589146022	-0.575	2.892	9.226
3589146027	-0.599	2.872	9.223
3589146032	-0.622	2.862	9.223
3589146037	-0.648	2.861	9.217
3589146042	-0.669	2.865	9.212
3589146047	-0.684	2.878	9.217
3589146052	-0.686	2.892	9.222
3589146057	-0.684	2.903	9.233
3589146062	-0.667	2.904	9.239
3589146067	-0.641	2.895	9.249
3589146072	-0.622	2.882	9.257
3589146077	-0.616	2.875	9.264
3589146082	-0.612	2.871	9.268
3589146087	-0.625	2.871	9.281
3589146092	-0.645	2.878	9.293
3589146097	-0.657	2.891	9.301
3589146102	-0.667	2.896	9.304
3589146107	-0.668	2.894	9.303
3589146112	-0.658	2.891	9.298
3589146117	-0.65	2.893	9.29
3589146122	-0.643	2.899	9.291
3589146127	-0.629	2.906	9.294
3589146132	-0.611	2.914	9.293
3589146137	-0.596	2.921	9.294
3589146142	-0.572	2.92	9.287
3589146147	-0.548	2.918	9.283
3589146152	-0.528	2.913	9.281
3589146157	-0.518	2.912	9.276
3589146162	-0.508	2.915	9.268
3589146168	-0.509	2.923	9.27
3589146173	-0.507	2.925	9.266
3589146178	-0.507	2.932	9.252
3589146183	-0.515	2.94	9.237
3589146188	-0.52	2.947	9.22
3589146193	-0.52	2.948	9.206
3589146198	-0.528	2.958	9.177
3589146203	-0.536	2.959	9.157
3589146208	-0.526	2.958	9.149
3589146213	-0.514	2.95	9.142
3589146218	-0.506	2.949	9.135
3589146223	-0.49	2.947	9.143
3589146228	-0.473	2.943	9.155
3589146233	-0.471	2.938	9.165
3589146238	-0.474	2.931	9.181
3589146243	-0.477	2.919	9.195
3589146248	-0.489	2.907	9.206
3589146253	-0.509	2.903	9.217
3589146258	-0.53	2.902	9.226
3589146263	-0.549	2.902	9.228
3589146268	-0.563	2.907	9.229
3589146273	-0.57	2.905	9.23
3589146278	-0.56	2.902	9.232
3589146283	-0.538	2.895	9.235
3589146288	-0.513	2.894	9.244
3589146293	-0.489	2.888	9.257
3589146298	-0.469	2.891	9.271
3589146303	-0.465	2.894	9.281
3589146308	-0.474	2.892	9.293
3589146313	-0.49	2.889	9.3
3589146318	-0.513	2.89	9.302
3589146323	-0.543	2.887	9.304
3589146328	-0.566	2.884	9.3
3589146333	-0.591	2.887	9.294
3589146338	-0.611	2.895	9.291
3589146343	-0.62	2.898	9.291
3589146348	-0.616	2.898	9.293
3589146353	-0.605	2.9	9.295
3589146358	-0.582	2.898	9.297
3589146363	-0.552	2.894	9.298
3589146368	-0.525	2.894	9.293
3589146373	-0.508	2.902	9.287
3589146378	-0.504	2.907	9.293
3589146383	-0.511	2.912	9.299
3589146388	-0.527	2.915	9.307
3589146393	-0.55	2.913	9.32
3589146398	-0.572	2.91	9.332
3589146403	-0.589	2.919	9.339
3589146408	-0.6	2.932	9.347
3589146413	-0.603	2.942	9.349
3589146418	-0.599	2.952	9.348
3589146423	-0.578	2.959	9.346
3589146428	-0.549	2.953	9.333
3589146433	-0.518	2.943	9.309
3589146438	-0.488	2.945	9.296
3589146443	-0.469	2.945	9.274
3589146448	-0.464	2.951	9.252
3589146453	-0.47	2.96	9.237
3589146458	-0.482	2.968	9.229
3589146463	-0.496	2.968	9.222
3589146468	-0.502	2.968	9.233
3589146473	-0.506	2.966	9.252
3589146478	-0.512	2.957	9.274
3589146483	-0.518	2.948	9.309
3589146488	-0.526	2.94	9.345
3589146493	-0.533	2.922	9.375
3589146498	-0.536	2.899	9.408
3589146503	-0.531	2.879	9.445
3589146508	-0.522	2.858	9.474
3589146513	-0.517	2.841	9.493
3589146518	-0.513	2.84	9.508
3589146523	-0.506	2.84	9.509
3589146528	-0.494	2.842	9.508
3589146533	-0.474	2.841	9.491
3589146538	-0.447	2.836	9.466
3589146543	-0.418	2.827	9.441
3589146548	-0.398	2.824	9.41
3589146553	-0.385	2.822	9.371
3589146558	-0.379	2.82	9.344
3589146563	-0.377	2.821	9.326
3589146568	-0.381	2.819	9.305
3589146573	-0.382	2.814	9.29
3589146578	-0.385	2.807	9.275
3589146583	-0.392	2.8	9.261
3589146588	-0.395	2.786	9.248
3589146593	-0.401	2.775	9.236
3589146598	-0.41	2.767	9.223
3589146603	-0.425	2.764	9.21
3589146608	-0.433	2.766	9.196
3589146613	-0.446	2.782	9.18
3589146618	-0.455	2.796	9.167
3589146624	-0.459	2.807	9.154
3589146629	-0.445	2.808	9.143
3589146634	-0.435	2.812	9.127
3589146639	-0.419	2.808	9.104
3589146644	-0.402	2.8	9.087
3589146649	-0.384	2.796	9.077
3589146654	-0.375	2.795	9.062
3589146659	-0.36	2.795	9.051
3589146664	-0.355	2.8	9.047
3589146669	-0.354	2.811	9.041
3589146674	-0.353	2.818	9.04
3589146679	-0.358	2.833	9.046
3589146684	-0.365	2.843	9.058
3589146689	-0.365	2.851	9.069
3589146694	-0.361	2.86	9.082
3589146699	-0.355	2.864	9.097
3589146704	-0.344	2.874	9.115
3589146709	-0.326	2.882	9.129
3589146714	-0.313	2.888	9.145
3589146719	-0.292	2.9	9.161
3589146724	-0.274	2.911	9.177
3589146729	-0.256	2.914	9.179
3589146734	-0.246	2.914	9.176
3589146739	-0.234	2.909	9.174
3589146744	-0.227	2.891	9.162
3589146749	-0.231	2.88	9.141
3589146754	-0.248	2.875	9.127
3589146759	-0.271	2.88	9.117
3589146764	-0.303	2.887	9.113
3589146769	-0.338	2.9	9.115
3589146774	-0.363	2.903	9.113
3589146779	-0.378	2.889	9.114
3589146784	-0.39	2.868	9.118
3589146789	-0.396	2.844	9.123
3589146794	-0.404	2.817	9.134
3589146799	-0.427	2.803	9.16
3589146804	-0.457	2.8	9.188
3589146809	-0.495	2.81	9.226
3589146814	-0.543	2.825	9.265
3589146819	-0.6	2.84	9.298
3589146824	-0.642	2.848	9.331
3589146829	-0.68	2.853	9.358
3589146834	-0.709	2.849	9.377
3589146839	-0.723	2.843	9.388
3589146844	-0.725	2.842	9.398
3589146849	-0.727	2.848	9.398
3589146854	-0.724	2.857	9.395
3589146859	-0.722	2.864	9.392
3589146864	-0.722	2.877	9.384
3589146869	-0.723	2.889	9.379
3589146874	-0.731	2.891	9.372
3589146879	-0.739	2.89	9.365
3589146884	-0.75	2.897	9.351
3589146889	-0.763	2.901	9.34
3589146894	-0.776	2.906	9.324
3589146899	-0.784	2.91	9.314
3589146904	-0.797	2.912	9.307
3589146909	-0.8	2.91	9.302
3589146914	-0.788	2.909	9.313
3589146919	-0.779	2.905	9.327
3589146924	-0.769	2.906	9.341
3589146929	-0.75	2.906	9.36
3589146934	-0.731	2.909	9.381
3589146939	-0.723	2.905	9.391
3589146944	-0.712	2.903	9.4
3589146949	-0.695	2.905	9.411
3589146954	-0.686	2.907	9.405
3589146959	-0.682	2.91	9.401
3589146964	-0.668	2.917	9.4
3589146969	-0.652	2.923	9.392
3589146974	-0.642	2.925	9.379
3589146979	-0.627	2.93	9.376
3589146984	-0.603	2.922	9.374
3589146989	-0.589	2.909	9.369
3589146994	-0.583	2.888	9.372
3589146999	-0.579	2.868	9.379
3589147004	-0.588	2.849	9.383
3589147009	-0.615	2.844	9.386
3589147014	-0.645	2.845	9.386
3589147019	-0.671	2.845	9.388
3589147024	-0.696	2.84	9.392
3589147029	-0.706	2.834	9.403
3589147034	-0.706	2.824	9.415
3589147039	-0.699	2.819	9.425
3589147044	-0.675	2.818	9.429
3589147049	-0.637	2.821	9.432
3589147054	-0.598	2.82	9.429
3589147059	-0.547	2.816	9.425
3589147065	-0.491	2.808	9.425
3589147070	-0.451	2.808	9.423
3589147075	-0.419	2.812	9.413
3589147080	-0.398	2.818	9.4
3589147085	-0.391	2.83	9.375
3589147090	-0.4	2.833	9.335
3589147095	-0.413	2.826	9.289
3589147100	-0.432	2.825	9.238
3589147105	-0.456	2.826	9.188
3589147110	-0.484	2.831	9.146
3589147115	-0.504	2.846	9.115
3589147120	-0.522	2.863	9.091
3589147125	-0.53	2.867	9.078
3589147130	-0.522	2.864	9.075
3589147135	-0.504	2.853	9.079
3589147140	-0.489	2.84	9.09
3589147145	-0.469	2.831	9.114
3589147150	-0.463	2.821	9.138
3589147155	-0.471	2.812	9.164
3589147160	-0.481	2.804	9.197
3589147165	-0.49	2.795	9.226
3589147170	-0.508	2.782	9.25
3589147175	-0.515	2.777	9.276
3589147180	-0.513	2.781	9.292
3589147185	-0.518	2.782	9.301
3589147190	-0.52	2.782	9.306
3589147195	-0.514	2.781	9.308
3589147200	-0.512	2.784	9.305
3589147205	-0.511	2.776	9.308
3589147210	-0.507	2.773	9.31
3589147215	-0.504	2.772	9.316
3589147220	-0.509	2.775	9.322
3589147225	-0.511	2.773	9.332
3589147230	-0.515	2.779	9.344
3589147235	-0.522	2.782	9.356
3589147240	-0.529	2.784	9.36
3589147245	-0.53	2.783	9.363
3589147250	-0.53	2.786	9.361
3589147255	-0.529	2.785	9.348
3589147260	-0.52	2.788	9.334
3589147265	-0.512	2.797	9.32
3589147270	-0.506	2.815	9.304
3589147275	-0.507	2.829	9.284
3589147280	-0.507	2.841	9.268
3589147285	-0.505	2.848	9.25
3589147290	-0.496	2.848	9.229
3589147295	-0.488	2.852	9.21
3589147300	-0.475	2.855	9.187
3589147305	-0.466	2.851	9.161
3589147310	-0.464	2.863	9.138
3589147315	-0.466	2.877	9.116
3589147320	-0.465	2.868	9.09
3589147325	-0.469	2.87	9.07
3589147330	-0.468	2.892	9.045
3589147335	-0.469	2.904	9.021
3589147340	-0.473	2.916	9.002
3589147345	-0.474	2.939	8.994
3589147350	-0.474	2.955	8.986
3589147355	-0.48	2.959	8.989
3589147360	-0.479	2.956	8.998
3589147365	-0.484	2.956	9.017
3589147370	-0.494	2.952	9.042
3589147375	-0.505	2.946	9.08
3589147380	-0.522	2.939	9.124
3589147385	-0.543	2.938	9.177
3589147390	-0.558	2.934	9.22
3589147395	-0.572	2.934	9.262
3589147400	-0.585	2.934	9.303
3589147405	-0.591	2.928	9.339
3589147410	-0.597	2.927	9.363
3589147415	-0.612	2.928	9.385
3589147420	-0.623	2.92	9.397
3589147425	-0.632	2.918	9.397
3589147430	-0.632	2.921	9.395
3589147435	-0.632	2.921	9.391
3589147440	-0.617	2.92	9.389
3589147445	-0.6	2.921	9.39
3589147450	-0.583	2.929	9.397
3589147455	-0.568	2.935	9.406
3589147460	-0.546	2.937	9.421
3589147465	-0.531	2.933	9.432
3589147470	-0.512	2.931	9.445
3589147475	-0.495	2.912	9.455
3589147480	-0.482	2.896	9.469
3589147485	-0.475	2.887	9.483
3589147490	-0.471	2.882	9.501
3589147495	-0.473	2.879	9.518
3589147500	-0.473	2.88	9.53
3589147506	-0.47	2.873	9.531
3589147511	-0.464	2.864	9.526
3589147516	-0.452	2.858	9.519
3589147521	-0.44	2.847	9.506
3589147526	-0.431	2.837	9.493
3589147531	-0.427	2.837	9.479
3589147536	-0.427	2.825	9.46
3589147541	-0.435	2.813	9.437
3589147546	-0.443	2.809	9.408
3589147551	-0.447	2.806	9.376
3589147556	-0.448	2.798	9.341
3589147561	-0.445	2.798	9.308
3589147566	-0.436	2.796	9.274
3589147571	-0.422	2.792	9.24
3589147576	-0.405	2.792	9.21
3589147581	-0.389	2.798	9.178
3589147586	-0.368	2.799	9.145
3589147591	-0.346	2.803	9.116
3589147596	-0.325	2.804	9.094
3589147601	-0.306	2.806	9.073
3589147606	-0.29	2.806	9.056
3589147611	-0.277	2.811	9.039
3589147616	-0.277	2.81	9.022
3589147621	-0.282	2.814	9.007
3589147626	-0.298	2.809	8.982
3589147631	-0.315	2.801	8.958
3589147636	-0.341	2.794	8.935
3589147641	-0.364	2.791	8.912
3589147646	-0.394	2.786	8.891
3589147651	-0.417	2.789	8.884
3589147656	-0.443	2.799	8.884
3589147661	-0.466	2.807	8.897
3589147666	-0.489	2.81	8.917
3589147671	-0.499	2.815	8.938
3589147676	-0.515	2.82	8.976
3589147681	-0.53	2.817	9.022
3589147686	-0.536	2.821	9.066
3589147691	-0.536	2.83	9.117
3589147696	-0.542	2.843	9.169
3589147701	-0.547	2.851	9.21
3589147706	-0.553	2.858	9.249
3589147711	-0.565	2.864	9.285
3589147716	-0.578	2.864	9.312
3589147721	-0.586	2.862	9.332
3589147726	-0.591	2.86	9.339
3589147731	-0.597	2.868	9.337
3589147736	-0.603	2.873	9.33
3589147741	-0.615	2.883	9.321
3589147746	-0.63	2.895	9.321
3589147751	-0.648	2.904	9.329
3589147756	-0.662	2.913	9.333
3589147761	-0.678	2.92	9.347
3589147766	-0.685	2.926	9.368
3589147771	-0.685	2.928	9.389
3589147776	-0.68	2.93	9.413
3589147781	-0.673	2.929	9.457
3589147786	-0.662	2.933	9.494
3589147791	-0.652	2.938	9.525
3589147796	-0.647	2.938	9.559
3589147801	-0.641	2.938	9.588
3589147806	-0.638	2.936	9.607
3589147811	-0.636	2.929	9.625
3589147816	-0.641	2.918	9.641
3589147821	-0.645	2.91	9.644
3589147826	-0.659	2.904	9.637
3589147831	-0.672	2.899	9.625
3589147836	-0.68	2.896	9.604
3589147841	-0.686	2.896	9.578
3589147846	-0.696	2.896	9.551
3589147851	-0.691	2.901	9.518
3589147856	-0.683	2.906	9.48
3589147861	-0.673	2.898	9.444
3589147866	-0.656	2.889	9.413
3589147871	-0.638	2.874	9.381
3589147876	-0.629	2.859	9.36
3589147881	-0.619	2.838	9.342
3589147886	-0.614	2.824	9.32
3589147891	-0.619	2.808	9.302
3589147896	-0.619	2.79	9.292
3589147901	-0.62	2.775	9.279
3589147906	-0.625	2.768	9.267
3589147911	-0.625	2.763	9.262
3589147916	-0.619	2.762	9.252
3589147921	-0.611	2.771	9.24
3589147926	-0.593	2.779	9.236
3589147931	-0.566	2.784	9.238
3589147936	-0.54	2.792	9.229
3589147941	-0.506	2.799	9.218
3589147947	-0.481	2.8	9.199
3589147952	-0.461	2.805	9.175
3589147957	-0.455	2.806	9.136
3589147962	-0.461	2.81	9.102
3589147967	-0.484	2.827	9.067
3589147972	-0.507	2.85	9.037
3589147977	-0.54	2.867	9.009
3589147982	-0.571	2.894	8.991
3589147987	-0.591	2.912	8.982
3589147992	-0.606	2.916	8.983
3589147997	-0.607	2.908	8.996
3589148002	-0.594	2.89	9.021
3589148007	-0.576	2.871	9.053
3589148012	-0.56	2.859	9.107
3589148017	-0.541	2.852	9.172
3589148022	-0.538	2.85	9.237
3589148027	-0.535	2.863	9.292
3589148032	-0.527	2.871	9.343
3589148037	-0.517	2.874	9.372
3589148042	-0.504	2.878	9.376
3589148047	-0.48	2.883	9.365
3589148052	-0.448	2.882	9.337
3589148057	-0.41	2.878	9.299
3589148062	-0.37	2.882	9.252
3589148067	-0.329	2.884	9.197
3589148072	-0.292	2.898	9.139
3589148077	-0.278	2.915	9.085
3589148082	-0.28	2.926	9.035
3589148087	-0.288	2.926	8.988
3589148092	-0.307	2.921	8.957
3589148097	-0.33	2.898	8.939
3589148102	-0.354	2.876	8.934
3589148107	-0.379	2.862	8.944
3589148112	-0.411	2.846	8.972
3589148117	-0.442	2.833	9.007
3589148122	-0.471	2.821	9.053
3589148127	-0.485	2.799	9.108
3589148132	-0.49	2.774	9.161
3589148137	-0.49	2.76	9.205
3589148142	-0.491	2.75	9.249
3589148147	-0.481	2.738	9.281
3589148152	-0.479	2.72	9.312
3589148157	-0.48	2.709	9.341
3589148162	-0.476	2.691	9.367
3589148167	-0.476	2.668	9.38
3589148172	-0.494	2.655	9.386
3589148177	-0.522	2.647	9.38
3589148182	-0.559	2.644	9.364
3589148187	-0.6	2.644	9.347
3589148192	-0.641	2.646	9.322
3589148197	-0.674	2.654	9.289
3589148202	-0.688	2.664	9.249
3589148207	-0.694	2.667	9.201
3589148212	-0.689	2.669	9.149
3589148217	-0.669	2.672	9.099
3589148222	-0.646	2.674	9.055
3589148227	-0.622	2.687	9.01
3589148232	-0.596	2.702	8.971
3589148237	-0.576	2.715	8.931
3589148242	-0.557	2.725	8.902
3589148247	-0.534	2.731	8.882
3589148252	-0.511	2.728	8.876
3589148257	-0.49	2.729	8.888
3589148262	-0.477	2.733	8.919
3589148267	-0.471	2.74	8.962
3589148272	-0.47	2.748	9.016
3589148277	-0.476	2.753	9.085
3589148282	-0.472	2.75	9.159
3589148287	-0.461	2.744	9.227
3589148292	-0.448	2.73	9.299
3589148297	-0.438	2.717	9.369
3589148302	-0.429	2.71	9.426
3589148307	-0.423	2.706	9.472
3589148312	-0.423	2.702	9.517
3589148317	-0.42	2.712	9.546
3589148322	-0.42	2.723	9.556
3589148327	-0.427	2.743	9.548
3589148332	-0.438	2.765	9.537
3589148337	-0.449	2.797	9.515
3589148342	-0.462	2.823	9.489
3589148347	-0.47	2.844	9.478
3589148352	-0.468	2.857	9.478
3589148357	-0.458	2.87	9.471
3589148362	-0.447	2.867	9.473
3589148367	-0.44	2.868	9.487
3589148372	-0.433	2.87	9.497
3589148377	-0.438	2.866	9.513
3589148382	-0.453	2.859	9.545
3589148388	-0.465	2.851	9.577
3589148393	-0.478	2.835	9.616
3589148398	-0.499	2.826	9.656
3589148403	-0.51	2.828	9.692
3589148408	-0.518	2.838	9.725
3589148413	-0.532	2.861	9.755
3589148418	-0.537	2.876	9.777
3589148423	-0.527	2.883	9.791
3589148428	-0.516	2.881	9.801
3589148433	-0.497	2.872	9.809
3589148438	-0.476	2.86	9.811
3589148443	-0.464	2.859	9.803
3589148448	-0.465	2.868	9.79
3589148453	-0.475	2.888	9.772
3589148458	-0.496	2.9	9.744
3589148463	-0.514	2.907	9.713
3589148468	-0.528	2.912	9.676
3589148473	-0.536	2.907	9.636
3589148478	-0.535	2.889	9.591
3589148483	-0.528	2.882	9.542
3589148488	-0.521	2.871	9.496
3589148493	-0.513	2.864	9.454
3589148498	-0.509	2.854	9.418
3589148503	-0.503	2.843	9.382
3589148508	-0.499	2.826	9.353
3589148513	-0.493	2.819	9.322
3589148518	-0.489	2.803	9.296
3589148523	-0.484	2.793	9.26
3589148528	-0.478	2.771	9.23
3589148533	-0.474	2.744	9.196
3589148538	-0.462	2.707	9.158
3589148543	-0.445	2.67	9.108
3589148548	-0.427	2.627	9.051
3589148553	-0.411	2.588	8.989
3589148558	-0.395	2.552	8.915
3589148563	-0.381	2.51	8.842
3589148568	-0.371	2.468	8.771
3589148573	-0.363	2.428	8.703
3589148578	-0.355	2.398	8.626
3589148583	-0.341	2.371	8.56
3589148588	-0.335	2.355	8.483
3589148593	-0.326	2.351	8.415
3589148598	-0.314	2.354	8.366
3589148603	-0.295	2.351	8.326
3589148608	-0.271	2.348	8.295
3589148613	-0.236	2.355	8.28
3589148618	-0.198	2.363	8.267
3589148623	-0.159	2.381	8.251
3589148628	-0.119	2.414	8.254
3589148633	-0.069	2.45	8.28
3589148638	-0.02	2.487	8.317
3589148643	0.033	2.523	8.369
3589148648	0.094	2.547	8.445
3589148653	0.156	2.565	8.54
3589148658	0.203	2.575	8.651
3589148663	0.247	2.57	8.789
3589148668	0.282	2.559	8.954
3589148673	0.296	2.55	9.142
3589148678	0.291	2.544	9.355
3589148683	0.274	2.551	9.587
3589148688	0.247	2.559	9.83
3589148693	0.213	2.568	10.082
3589148698	0.188	2.563	10.332
3589148703	0.182	2.54	10.553
3589148708	0.193	2.507	10.747
3589148713	0.216	2.472	10.913
3589148718	0.253	2.441	11.033
3589148723	0.29	2.432	11.117
3589148728	0.321	2.443	11.165
3589148733	0.344	2.473	11.169
3589148738	0.357	2.519	11.129
3589148743	0.357	2.57	11.063
3589148748	0.352	2.628	10.959
3589148753	0.346	2.681	10.824
3589148758	0.339	2.716	10.673
3589148763	0.342	2.737	10.506
3589148768	0.361	2.759	10.319
3589148773	0.387	2.77	10.134
3589148778	0.416	2.788	9.957
3589148783	0.447	2.821	9.787
3589148788	0.477	2.86	9.64
3589148793	0.504	2.89	9.522
3589148798	0.536	2.919	9.433
3589148803	0.576	2.933	9.365
3589148809	0.625	2.929	9.321
3589148814	0.676	2.912	9.298
3589148819	0.724	2.886	9.303
3589148824	0.765	2.853	9.32
3589148829	0.796	2.816	9.349
3589148834	0.813	2.781	9.383
3589148839	0.822	2.746	9.415
3589148844	0.826	2.715	9.439
3589148849	0.82	2.686	9.456
3589148854	0.808	2.661	9.47
3589148859	0.796	2.634	9.478
3589148864	0.776	2.608	9.476
3589148869	0.75	2.576	9.458
3589148874	0.728	2.542	9.432
3589148879	0.701	2.511	9.405
3589148884	0.661	2.484	9.376
3589148889	0.621	2.466	9.344
3589148894	0.575	2.458	9.319
3589148899	0.53	2.447	9.296
3589148904	0.49	2.437	9.275
3589148909	0.456	2.426	9.26
3589148914	0.432	2.418	9.252
3589148919	0.419	2.402	9.254
3589148924	0.404	2.389	9.269
3589148929	0.397	2.372	9.286
3589148934	0.4	2.356	9.305
3589148939	0.403	2.338	9.334
3589148944	0.413	2.326	9.365
3589148949	0.432	2.319	9.389
3589148954	0.456	2.318	9.413
3589148959	0.481	2.317	9.439
3589148964	0.512	2.315	9.464
3589148969	0.544	2.313	9.484
3589148974	0.571	2.314	9.495
3589148979	0.594	2.313	9.5
3589148984	0.608	2.316	9.498
3589148989	0.612	2.318	9.482
3589148994	0.608	2.317	9.454
3589148999	0.598	2.309	9.415
3589149004	0.571	2.31	9.366
3589149009	0.542	2.301	9.306
3589149014	0.506	2.29	9.235
3589149019	0.464	2.277	9.167
3589149024	0.419	2.266	9.106
3589149029	0.377	2.251	9.053
3589149034	0.346	2.236	9.009
3589149039	0.315	2.218	8.983
3589149044	0.291	2.201	8.982
3589149049	0.283	2.178	9.008
3589149054	0.281	2.147	9.056
3589149059	0.28	2.118	9.13
3589149064	0.299	2.093	9.23
3589149069	0.326	2.054	9.345
3589149074	0.352	2.016	9.467
3589149079	0.387	1.98	9.59
3589149084	0.423	1.937	9.711
3589149089	0.451	1.885	9.822
3589149094	0.475	1.854	9.905
3589149099	0.501	1.824	9.964
3589149104	0.521	1.797	9.998
3589149109	0.542	1.792	10.007
3589149114	0.564	1.805	9.978
3589149119	0.58	1.825	9.924
3589149124	0.593	1.876	9.841
3589149129	0.61	1.945	9.738
3589149134	0.622	2.021	9.614
3589149139	0.631	2.117	9.492
3589149144	0.641	2.223	9.359
3589149149	0.645	2.327	9.241
3589149154	0.64	2.435	9.14
3589149159	0.634	2.534	9.056
3589149164	0.624	2.621	8.989
3589149169	0.609	2.689	8.953
3589149174	0.582	2.732	8.941
3589149179	0.541	2.756	8.947
3589149184	0.482	2.765	8.983
3589149189	0.398	2.76	9.038
3589149194	0.29	2.745	9.111
3589149199	0.165	2.728	9.192
3589149204	0.03	2.704	9.281
3589149209	-0.11	2.67	9.362
3589149214	-0.247	2.62	9.432
3589149219	-0.374	2.572	9.483
3589149224	-0.483	2.509	9.522
3589149229	-0.573	2.439	9.545
3589149234	-0.654	2.36	9.547
3589149239	-0.722	2.288	9.537
3589149244	-0.781	2.218	9.514
3589149250	-0.849	2.154	9.481
3589149255	-0.924	2.1	9.444
3589149260	-1.003	2.058	9.413
3589149265	-1.087	2.016	9.392
3589149270	-1.175	1.967	9.39
3589149275	-1.264	1.93	9.401
3589149280	-1.353	1.887	9.411
3589149285	-1.431	1.841	9.421
3589149290	-1.505	1.796	9.423
3589149295	-1.577	1.75	9.407
3589149300	-1.645	1.703	9.377
3589149305	-1.705	1.671	9.339
3589149310	-1.758	1.66	9.296
3589149315	-1.793	1.676	9.247
3589149320	-1.804	1.728	9.196
3589149325	-1.788	1.801	9.144
3589149330	-1.734	1.893	9.099
3589149335	-1.65	1.994	9.044
3589149340	-1.538	2.084	8.981
3589149345	-1.399	2.156	8.914
3589149350	-1.246	2.22	8.841
3589149355	-1.101	2.269	8.755
3589149360	-0.968	2.314	8.67
3589149365	-0.853	2.371	8.588
3589149370	-0.76	2.436	8.506
3589149375	-0.681	2.495	8.419
3589149380	-0.606	2.543	8.335
3589149385	-0.542	2.565	8.255
3589149390	-0.489	2.557	8.174
3589149395	-0.449	2.524	8.102
3589149400	-0.437	2.473	8.047
3589149405	-0.457	2.42	8.008
3589149410	-0.503	2.38	7.996
3589149415	-0.581	2.368	8.026
3589149420	-0.681	2.4	8.094
3589149425	-0.766	2.476	8.185
3589149430	-0.83	2.582	8.297
3589149435	-0.844	2.709	8.413
3589149440	-0.775	2.826	8.521
3589149445	-0.624	2.921	8.614
3589149450	-0.403	2.981	8.703
3589149455	-0.123	3.014	8.787
3589149460	0.173	3.038	8.857
3589149465	0.443	3.052	8.915
3589149470	0.665	3.061	8.954
3589149475	0.822	3.068	8.984
3589149480	0.908	3.076	9.0
3589149485	0.926	3.071	9.014
3589149490	0.873	3.059	9.025
3589149495	0.755	3.047	9.046
3589149500	0.585	3.033	9.059
3589149505	0.364	3.0	9.073
3589149510	0.119	2.95	9.091
3589149515	-0.117	2.888	9.116
3589149520	-0.332	2.796	9.133
3589149525	-0.524	2.696	9.154
3589149530	-0.679	2.606	9.175
3589149535	-0.809	2.539	9.198
3589149540	-0.923	2.493	9.223
3589149545	-1.019	2.48	9.268
3589149550	-1.096	2.488	9.321
3589149555	-1.15	2.503	9.382
3589149560	-1.174	2.518	9.441
3589149565	-1.061	2.544	9.487
3589149570	-0.778	2.604	9.506
3589149575	-0.414	2.677	9.516
3589149580	-0.046	2.738	9.526
3589149585	0.257	2.781	9.535
3589149590	0.339	2.788	9.542
3589149595	0.161	2.743	9.567
3589149600	-0.171	2.673	9.604
3589149605	-0.558	2.615	9.635
3589149610	-0.928	2.584	9.671
3589149615	-1.222	2.593	9.714
3589149620	-1.438	2.617	9.752
3589149625	-1.603	2.648	9.786
3589149630	-1.751	2.673	9.767
3589149635	-1.863	2.691	9.671
3589149640	-1.928	2.685	9.539
3589149645	-1.941	2.652	9.445
3589149650	-1.89	2.594	9.41
3589149655	-1.746	2.551	9.481
3589149660	-1.537	2.529	9.626
3589149665	-1.305	2.515	9.827
3589149670	-1.079	2.506	10.052
3589149675	-0.934	2.534	10.216
3589149680	-0.927	2.583	10.339
3589149685	-1.046	2.613	10.445
3589149691	-1.234	2.649	10.502
3589149696	-1.487	2.708	10.446
3589149701	-1.74	2.747	10.319
3589149706	-1.941	2.757	10.133
3589149711	-2.09	2.771	9.937
3589149716	-2.201	2.789	9.743
3589149721	-2.26	2.804	9.581
3589149726	-2.258	2.82	9.467
3589149731	-2.202	2.817	9.389
3589149736	-2.118	2.781	9.344
3589149741	-2.021	2.723	9.332
3589149746	-1.901	2.646	9.341
3589149751	-1.772	2.58	9.366
3589149756	-1.648	2.534	9.406
3589149761	-1.537	2.505	9.443
3589149766	-1.438	2.488	9.491
3589149771	-1.36	2.493	9.549
3589149776	-1.303	2.5	9.61
3589149781	-1.258	2.507	9.662
3589149786	-1.211	2.527	9.71
3589149791	-1.162	2.539	9.74
3589149796	-1.115	2.536	9.742
3589149801	-1.056	2.512	9.719
3589149806	-0.994	2.484	9.685
3589149811	-0.921	2.445	9.64
3589149816	-0.851	2.423	9.58
3589149821	-0.772	2.42	9.53
3589149826	-0.692	2.433	9.497
3589149831	-0.614	2.447	9.469
3589149836	-0.566	2.459	9.449
3589149841	-0.542	2.46	9.436
3589149846	-0.546	2.456	9.415
3589149851	-0.568	2.463	9.381
3589149856	-0.591	2.473	9.354
3589149861	-0.593	2.487	9.32
3589149866	-0.573	2.515	9.296
3589149871	-0.54	2.541	9.29
3589149876	-0.503	2.572	9.299
3589149881	-0.476	2.62	9.313
3589149886	-0.473	2.685	9.328
3589149891	-0.488	2.759	9.34
3589149896	-0.519	2.83	9.354
3589149901	-0.563	2.891	9.374
3589149906	-0.611	2.931	9.396
3589149911	-0.662	2.963	9.437
3589149916	-0.723	2.975	9.496
3589149921	-0.779	2.986	9.579
3589149926	-0.825	2.985	9.69
3589149931	-0.867	2.981	9.821
3589149936	-0.895	2.958	9.95
3589149941	-0.91	2.924	10.073
3589149946	-0.921	2.868	10.185
3589149951	-0.946	2.8	10.279
3589149956	-0.966	2.719	10.368
3589149961	-0.974	2.636	10.466
3589149966	-0.968	2.559	10.563
3589149971	-0.949	2.497	10.644
3589149976	-0.917	2.44	10.698
3589149981	-0.886	2.391	10.726
3589149986	-0.879	2.336	10.721
3589149991	-0.896	2.276	10.686
3589149996	-0.926	2.218	10.627
3589150001	-0.954	2.165	10.544
3589150006	-0.98	2.122	10.442
3589150011	-1.0	2.103	10.317
3589150016	-1.013	2.094	10.174
3589150021	-1.019	2.088	10.019
3589150026	-1.025	2.088	9.848
3589150031	-1.03	2.086	9.654
3589150036	-1.027	2.082	9.461
3589150041	-1.015	2.083	9.267
3589150046	-1.007	2.093	9.084
3589150051	-1.007	2.102	8.919
3589150056	-1.019	2.113	8.775
3589150061	-1.045	2.126	8.641
3589150066	-1.088	2.142	8.529
3589150071	-1.143	2.158	8.428
3589150076	-1.198	2.186	8.343
3589150081	-1.235	2.229	8.272
3589150086	-1.25	2.269	8.219
3589150091	-1.244	2.306	8.174
3589150096	-1.221	2.331	8.134
3589150101	-1.191	2.344	8.105
3589150106	-1.172	2.346	8.079
3589150111	-1.178	2.349	8.055
3589150116	-1.196	2.349	8.036
3589150121	-1.225	2.361	8.019
3589150126	-1.242	2.393	8.018
3589150132	-1.237	2.445	8.032
3589150137	-1.205	2.516	8.057
3589150142	-1.175	2.589	8.113
3589150147	-1.158	2.645	8.214
3589150152	-1.167	2.658	8.366
3589150157	-1.216	2.642	8.566
3589150162	-1.299	2.601	8.811
3589150167	-1.388	2.56	9.068
3589150172	-1.465	2.547	9.312
3589150177	-1.53	2.574	9.522
3589150182	-1.587	2.616	9.682
3589150187	-1.632	2.663	9.803
3589150192	-1.667	2.698	9.897
3589150197	-1.705	2.711	9.967
3589150202	-1.743	2.712	9.998
3589150207	-1.757	2.707	10.003
3589150212	-1.747	2.698	9.986
3589150217	-1.711	2.698	9.948
3589150222	-1.648	2.702	9.901
3589150227	-1.566	2.701	9.86
3589150232	-1.48	2.7	9.828
3589150237	-1.398	2.696	9.796
3589150242	-1.333	2.69	9.767
3589150247	-1.289	2.681	9.738
3589150252	-1.254	2.677	9.727
3589150257	-1.224	2.674	9.731
3589150262	-1.188	2.678	9.744
3589150267	-1.138	2.687	9.772
3589150272	-1.065	2.694	9.805
3589150277	-0.977	2.706	9.805
3589150282	-0.88	2.709	9.781
3589150287	-0.787	2.721	9.773
3589150292	-0.704	2.735	9.76
3589150297	-0.644	2.752	9.742
3589150302	-0.596	2.768	9.743
3589150307	-0.567	2.788	9.756
3589150312	-0.548	2.799	9.74
3589150317	-0.528	2.802	9.708
3589150322	-0.502	2.807	9.672
3589150327	-0.494	2.814	9.626
3589150332	-0.49	2.82	9.589
3589150337	-0.501	2.818	9.564
3589150342	-0.517	2.809	9.538
3589150347	-0.531	2.805	9.508
3589150352	-0.533	2.787	9.475
3589150357	-0.529	2.77	9.418
3589150362	-0.517	2.752	9.347
3589150367	-0.492	2.733	9.279
3589150372	-0.456	2.707	9.211
3589150377	-0.418	2.687	9.136
3589150382	-0.388	2.671	9.064
3589150387	-0.358	2.661	9.002
3589150392	-0.353	2.662	8.938
3589150397	-0.373	2.671	8.883
3589150402	-0.392	2.687	8.849
3589150407	-0.409	2.704	8.834
3589150412	-0.424	2.712	8.829
3589150417	-0.427	2.715	8.844
3589150422	-0.413	2.706	8.868
3589150427	-0.401	2.7	8.892
3589150432	-0.383	2.708	8.912
3589150437	-0.367	2.729	8.932
3589150442	-0.362	2.757	8.946
3589150447	-0.372	2.794	8.959
3589150452	-0.377	2.828	8.975
3589150457	-0.382	2.859	8.987
3589150462	-0.382	2.886	8.993
3589150467	-0.37	2.905	8.982
3589150472	-0.351	2.91	8.965
3589150477	-0.34	2.901	8.944
3589150482	-0.335	2.88	8.931
3589150487	-0.336	2.847	8.93
3589150492	-0.347	2.806	8.95
3589150497	-0.372	2.766	8.986
3589150502	-0.398	2.728	9.026
3589150507	-0.43	2.692	9.076
3589150512	-0.455	2.658	9.122
3589150517	-0.474	2.634	9.171
3589150522	-0.484	2.63	9.217
3589150527	-0.488	2.638	9.275
3589150532	-0.491	2.65	9.331
3589150537	-0.503	2.67	9.387
3589150542	-0.517	2.685	9.435
3589150547	-0.52	2.687	9.479
3589150552	-0.531	2.682	9.512
3589150557	-0.527	2.668	9.534
3589150562	-0.509	2.652	9.56
3589150567	-0.487	2.643	9.579
3589150573	-0.474	2.634	9.591
3589150578	-0.454	2.622	9.591
3589150583	-0.436	2.613	9.585
3589150588	-0.416	2.602	9.572
3589150593	-0.389	2.592	9.551
3589150598	-0.35	2.586	9.524
3589150603	-0.301	2.577	9.498
3589150608	-0.244	2.576	9.473
3589150613	-0.177	2.582	9.442
3589150618	-0.115	2.586	9.426
3589150623	-0.058	2.589	9.413
3589150628	-0.004	2.589	9.396
3589150633	0.042	2.595	9.377
3589150638	0.068	2.599	9.353
3589150643	0.086	2.595	9.308
3589150648	0.103	2.596	9.267
3589150653	0.115	2.603	9.226
3589150658	0.14	2.604	9.184
3589150663	0.18	2.609	9.139
3589150668	0.225	2.629	9.098
3589150673	0.264	2.645	9.055
3589150678	0.286	2.664	9.015
3589150683	0.282	2.679	8.97
3589150688	0.259	2.684	8.931
3589150693	0.235	2.681	8.898
3589150698	0.22	2.684	8.879
3589150703	0.219	2.692	8.874
3589150708	0.233	2.702	8.883
3589150713	0.249	2.718	8.905
3589150718	0.259	2.734	8.935
3589150723	0.258	2.743	8.97
3589150728	0.246	2.747	9.002
3589150733	0.226	2.748	9.036
3589150738	0.209	2.747	9.07
3589150743	0.187	2.754	9.105
3589150748	0.173	2.759	9.133
3589150753	0.167	2.76	9.166
3589150758	0.164	2.764	9.187
3589150763	0.153	2.772	9.205
3589150768	0.138	2.769	9.218
3589150773	0.113	2.765	9.227
3589150778	0.085	2.76	9.228
3589150783	0.061	2.749	9.228
3589150788	0.056	2.736	9.233
3589150793	0.062	2.719	9.248
3589150798	0.078	2.698	9.26
3589150803	0.099	2.685	9.278
3589150808	0.115	2.667	9.303
3589150813	0.132	2.651	9.325
3589150818	0.154	2.643	9.344
3589150823	0.165	2.632	9.369
3589150828	0.159	2.618	9.405
3589150833	0.15	2.61	9.45
3589150838	0.126	2.603	9.491
3589150843	0.094	2.601	9.535
3589150848	0.078	2.616	9.572
3589150853	0.08	2.637	9.596
3589150858	0.087	2.653	9.62
3589150863	0.098	2.673	9.644
3589150868	0.116	2.687	9.656
3589150873	0.127	2.69	9.668
3589150878	0.14	2.692	9.673
3589150883	0.147	2.699	9.666
3589150888	0.157	2.704	9.668
3589150893	0.164	2.705	9.666
3589150898	0.177	2.714	9.665
3589150903	0.185	2.715	9.662
3589150908	0.187	2.708	9.665
3589150913	0.186	2.7	9.666
3589150918	0.185	2.695	9.67
3589150923	0.179	2.687	9.674
3589150928	0.168	2.687	9.681
3589150933	0.162	2.694	9.687
3589150938	0.155	2.705	9.683
3589150943	0.154	2.72	9.681
3589150948	0.155	2.735	9.674
3589150953	0.162	2.75	9.66
3589150958	0.174	2.76	9.65
3589150963	0.19	2.768	9.648
3589150968	0.193	2.769	9.641
3589150973	0.194	2.771	9.635
3589150978	0.186	2.772	9.637
3589150983	0.169	2.776	9.636
3589150988	0.15	2.779	9.632
3589150993	0.131	2.783	9.613
3589150998	0.111	2.786	9.587
3589151003	0.101	2.787	9.558
3589151008	0.091	2.798	9.512
3589151014	0.075	2.806	9.454
3589151019	0.064	2.816	9.415
3589151024	0.061	2.82	9.38
3589151029	0.058	2.826	9.345
3589151034	0.06	2.826	9.315
3589151039	0.077	2.828	9.287
3589151044	0.092	2.831	9.266
3589151049	0.103	2.838	9.241
3589151054	0.123	2.846	9.224
3589151059	0.129	2.859	9.212
3589151064	0.124	2.88	9.203
3589151069	0.118	2.905	9.187
3589151074	0.117	2.929	9.181
3589151079	0.103	2.952	9.172
3589151084	0.111	2.967	9.16
3589151089	0.12	2.985	9.133
3589151094	0.092	3.003	9.096
3589151099	-0.001	2.978	9.074
3589151104	-0.123	2.908	9.055
3589151109	-0.246	2.867	9.036
3589151114	-0.364	2.84	9.028
3589151119	-0.433	2.808	9.024
3589151124	-0.434	2.812	8.999
3589151129	-0.384	2.875	8.954
3589151134	-0.324	2.919	8.897
3589151139	-0.253	2.945	8.826
3589151144	-0.194	2.977	8.728
3589151149	-0.13	2.999	8.649
3589151154	-0.081	2.972	8.608
3589151159	-0.059	2.915	8.577
3589151164	-0.052	2.838	8.553
3589151169	-0.055	2.76	8.545
3589151174	-0.091	2.719	8.511
3589151179	-0.143	2.711	8.441
3589151184	-0.197	2.712	8.363
3589151189	-0.248	2.71	8.287
3589151194	-0.28	2.696	8.23
3589151199	-0.291	2.667	8.231
3589151204	-0.279	2.635	8.285
3589151209	-0.244	2.594	8.384
3589151214	-0.19	2.554	8.536
3589151219	-0.133	2.503	8.72
3589151224	-0.087	2.446	8.88
3589151229	-0.069	2.393	9.028
3589151234	-0.084	2.362	9.165
3589151239	-0.13	2.354	9.287
3589151244	-0.184	2.395	9.434
3589151249	-0.214	2.454	9.697
3589151254	-0.227	2.465	10.0
3589151259	-0.225	2.454	10.346
3589151264	-0.22	2.456	10.662
3589151269	-0.238	2.455	10.903
3589151274	-0.306	2.449	10.992
3589151279	-0.428	2.491	10.911
3589151284	-0.586	2.548	10.666
3589151289	-0.738	2.595	10.37
3589151294	-0.916	2.629	9.956
3589151299	-1.042	2.699	9.538
3589151304	-1.088	2.779	9.217
3589151309	-1.078	2.837	8.964
3589151314	-1.028	2.859	8.758
3589151319	-0.901	2.858	8.678
3589151324	-0.744	2.819	8.666
3589151329	-0.587	2.771	8.708
3589151334	-0.457	2.738	8.769
3589151339	-0.361	2.728	8.847
3589151344	-0.311	2.721	8.915
3589151349	-0.323	2.715	8.921
3589151354	-0.314	2.72	8.959
3589151359	-0.285	2.723	9.054
3589151364	-0.254	2.718	9.16
3589151369	-0.204	2.716	9.309
3589151374	-0.141	2.715	9.482
3589151379	-0.111	2.713	9.602
3589151384	-0.067	2.737	9.717
3589151389	0.02	2.788	9.852
3589151394	0.128	2.845	10.028
3589151399	0.233	2.873	10.204
3589151404	0.289	2.903	10.303
3589151409	0.288	2.942	10.311
3589151414	0.223	2.992	10.216
3589151419	0.111	3.06	9.99
3589151424	-0.016	3.152	9.704
3589151429	-0.119	3.237	9.435
3589151434	-0.183	3.296	9.198
3589151439	-0.206	3.332	9.012
3589151444	-0.191	3.348	8.882
3589151449	-0.14	3.344	8.785
3589151454	-0.061	3.33	8.716
3589151459	0.038	3.308	8.68
3589151464	0.121	3.275	8.666
3589151469	0.179	3.236	8.66
3589151475	0.233	3.207	8.686
3589151480	0.312	3.201	8.782
3589151485	0.414	3.196	8.939
3589151490	0.537	3.189	9.141
3589151495	0.66	3.188	9.377
3589151500	0.739	3.183	9.602
3589151505	0.725	3.171	9.759
3589151510	0.575	3.176	9.823
3589151515	0.313	3.193	9.818
3589151520	0.019	3.206	9.779
3589151525	-0.254	3.216	9.735
3589151530	-0.474	3.211	9.695
3589151535	-0.599	3.198	9.668
3589151540	-0.643	3.182	9.659
3589151545	-0.646	3.161	9.637
3589151550	-0.64	3.147	9.588
3589151555	-0.639	3.138	9.514
3589151560	-0.644	3.126	9.434
3589151565	-0.641	3.103	9.332
3589151570	-0.63	3.078	9.226
3589151575	-0.607	3.058	9.139
3589151580	-0.582	3.037	9.076
3589151585	-0.548	3.016	9.021
3589151590	-0.512	3.011	8.984
3589151595	-0.491	3.002	8.969
3589151600	-0.485	2.992	8.962
3589151605	-0.487	2.98	8.955
3589151610	-0.507	2.973	8.958
3589151615	-0.53	2.964	8.961
3589151620	-0.551	2.972	8.962
3589151625	-0.574	2.984	8.958
3589151630	-0.602	3.001	8.96
3589151635	-0.624	3.024	8.959
3589151640	-0.644	3.051	8.968
3589151645	-0.661	3.08	8.989
3589151650	-0.674	3.105	9.013
3589151655	-0.675	3.127	9.037
3589151660	-0.674	3.145	9.066
3589151665	-0.673	3.175	9.085
3589151670	-0.67	3.204	9.095
3589151675	-0.662	3.23	9.089
3589151680	-0.649	3.265	9.078
3589151685	-0.642	3.303	9.053
3589151690	-0.621	3.33	9.032
3589151695	-0.589	3.352	9.007
3589151700	-0.564	3.376	8.994
3589151705	-0.54	3.4	8.983
3589151710	-0.512	3.426	8.974
3589151715	-0.5	3.448	8.961
3589151720	-0.516	3.472	8.949
3589151725	-0.535	3.496	8.935
3589151730	-0.562	3.517	8.927
3589151735	-0.596	3.527	8.928
3589151740	-0.628	3.538	8.928
3589151745	-0.645	3.541	8.937
3589151750	-0.647	3.543	8.954
3589151755	-0.642	3.542	8.973
3589151760	-0.631	3.537	8.998
3589151765	-0.617	3.532	9.027
3589151770	-0.598	3.532	9.05
3589151775	-0.588	3.532	9.067
3589151780	-0.586	3.535	9.071
3589151785	-0.58	3.545	9.064
3589151790	-0.567	3.549	9.058
3589151795	-0.564	3.542	9.066
3589151800	-0.556	3.526	9.078
3589151805	-0.544	3.518	9.097
3589151810	-0.533	3.506	9.123
3589151815	-0.53	3.499	9.149
3589151820	-0.524	3.503	9.164
3589151825	-0.517	3.51	9.179
3589151830	-0.5	3.504	9.185
3589151835	-0.493	3.499	9.182
3589151840	-0.494	3.489	9.161
3589151845	-0.495	3.48	9.133
3589151850	-0.509	3.476	9.105
3589151855	-0.532	3.475	9.073
3589151860	-0.546	3.476	9.05
3589151865	-0.56	3.479	9.041
3589151870	-0.576	3.484	9.037
3589151875	-0.588	3.49	9.025
3589151880	-0.596	3.494	9.028
3589151885	-0.6	3.5	9.037
3589151890	-0.6	3.503	9.042
3589151895	-0.594	3.501	9.041
3589151900	-0.568	3.484	9.036
3589151905	-0.549	3.469	9.013
3589151910	-0.549	3.462	8.984
3589151916	-0.536	3.464	8.956
3589151921	-0.525	3.468	8.935
3589151926	-0.522	3.482	8.925
3589151931	-0.52	3.497	8.931
3589151936	-0.514	3.507	8.941
3589151941	-0.519	3.517	8.949
3589151946	-0.528	3.527	8.951
3589151951	-0.541	3.538	8.95
3589151956	-0.552	3.555	8.941
3589151961	-0.553	3.566	8.931
3589151966	-0.541	3.569	8.924
3589151971	-0.518	3.577	8.927
3589151976	-0.494	3.587	8.928
3589151981	-0.473	3.582	8.932
3589151986	-0.442	3.576	8.939
3589151991	-0.42	3.572	8.944
3589151996	-0.404	3.567	8.941
3589152001	-0.396	3.563	8.945
3589152006	-0.381	3.563	8.941
3589152011	-0.376	3.564	8.941
3589152016	-0.378	3.57	8.942
3589152021	-0.381	3.568	8.95
3589152026	-0.381	3.565	8.967
3589152031	-0.383	3.571	8.996
3589152036	-0.388	3.57	9.017
3589152041	-0.39	3.566	9.038
3589152046	-0.396	3.57	9.054
3589152051	-0.406	3.569	9.057
3589152056	-0.41	3.557	9.051
3589152061	-0.412	3.559	9.045
3589152066	-0.419	3.565	9.039
3589152071	-0.425	3.572	9.033
3589152076	-0.421	3.582	9.031
3589152081	-0.422	3.599	9.03
3589152086	-0.428	3.613	9.033
3589152091	-0.416	3.617	9.037
3589152096	-0.406	3.617	9.045
3589152101	-0.4	3.615	9.055
3589152106	-0.389	3.618	9.064
3589152111	-0.378	3.631	9.075
3589152116	-0.388	3.647	9.086
3589152121	-0.393	3.665	9.085
3589152126	-0.399	3.683	9.077
3589152131	-0.408	3.689	9.065
3589152136	-0.406	3.684	9.039
3589152141	-0.395	3.682	9.001
3589152146	-0.385	3.676	8.972
3589152151	-0.374	3.679	8.94
3589152156	-0.361	3.687	8.907
3589152161	-0.353	3.693	8.875
3589152166	-0.345	3.697	8.858
3589152171	-0.334	3.702	8.84
3589152176	-0.327	3.704	8.836
3589152181	-0.328	3.702	8.842
3589152186	-0.331	3.696	8.851
3589152191	-0.336	3.687	8.868
3589152196	-0.344	3.679	8.884
3589152201	-0.347	3.67	8.887
3589152206	-0.348	3.66	8.886
3589152211	-0.351	3.65	8.888
3589152216	-0.355	3.637	8.884
3589152221	-0.361	3.62	8.88
3589152226	-0.371	3.606	8.878
3589152231	-0.383	3.595	8.886
3589152236	-0.397	3.593	8.895
3589152241	-0.406	3.599	8.907
3589152246	-0.411	3.607	8.916
3589152251	-0.418	3.616	8.928
3589152256	-0.423	3.621	8.928
3589152261	-0.423	3.62	8.928
3589152266	-0.423	3.614	8.913
3589152271	-0.424	3.618	8.898
3589152276	-0.419	3.613	8.889
3589152281	-0.409	3.618	8.886
3589152286	-0.401	3.621	8.891
3589152291	-0.397	3.624	8.909
3589152296	-0.392	3.62	8.945
3589152301	-0.384	3.621	8.976
3589152306	-0.377	3.615	9.014
3589152311	-0.37	3.617	9.053
3589152316	-0.357	3.62	9.088
3589152321	-0.338	3.625	9.108
3589152326	-0.328	3.63	9.122
3589152331	-0.32	3.643	9.118
3589152336	-0.312	3.65	9.106
3589152341	-0.311	3.657	9.088
3589152346	-0.317	3.667	9.063
3589152351	-0.318	3.672	9.035
3589152357	-0.323	3.666	9.014
3589152362	-0.32	3.665	8.994
3589152367	-0.312	3.665	8.963
3589152372	-0.305	3.657	8.931
3589152377	-0.301	3.655	8.908
3589152382	-0.292	3.661	8.88
3589152387	-0.297	3.659	8.848
3589152392	-0.305	3.648	8.83
3589152397	-0.315	3.644	8.818
3589152402	-0.317	3.635	8.804
3589152407	-0.317	3.623	8.793
3589152412	-0.306	3.618	8.795
3589152417	-0.293	3.617	8.791
3589152422	-0.278	3.615	8.798
3589152427	-0.267	3.614	8.802
3589152432	-0.257	3.609	8.808
3589152437	-0.257	3.603	8.815
3589152442	-0.258	3.602	8.832
3589152447	-0.265	3.599	8.844
3589152452	-0.265	3.593	8.866
3589152457	-0.269	3.588	8.898
3589152462	-0.271	3.586	8.929
3589152467	-0.282	3.58	8.952
3589152472	-0.288	3.573	8.966
3589152477	-0.308	3.569	8.963
3589152482	-0.325	3.571	8.954
3589152487	-0.338	3.572	8.949
3589152492	-0.342	3.567	8.948
3589152497	-0.351	3.562	8.939
3589152502	-0.365	3.557	8.951
3589152507	-0.391	3.547	8.969
3589152512	-0.444	3.535	8.98
3589152517	-0.47	3.511	9.005
3589152522	-0.429	3.486	9.05
3589152527	-0.344	3.465	9.07
3589152532	-0.237	3.457	9.064
3589152537	-0.117	3.468	9.046
3589152542	-0.039	3.507	9.011
3589152547	-0.04	3.557	8.974
3589152552	-0.072	3.599	8.954
3589152557	-0.084	3.621	8.953
3589152562	-0.071	3.627	8.952
3589152567	-0.037	3.625	8.948
3589152572	0.01	3.625	8.945
3589152577	0.056	3.639	8.953
3589152582	0.068	3.659	8.974
3589152587	0.068	3.667	9.004
3589152592	0.075	3.667	9.032
3589152597	0.089	3.656	9.044
3589152602	0.094	3.643	9.024
3589152607	0.112	3.628	8.979
3589152612	0.142	3.624	8.921
3589152617	0.187	3.623	8.862
3589152622	0.227	3.638	8.808
3589152627	0.27	3.652	8.77
3589152632	0.303	3.674	8.76
3589152637	0.32	3.693	8.794
3589152642	0.319	3.699	8.859
3589152647	0.317	3.683	8.943
3589152652	0.316	3.656	9.038
3589152657	0.302	3.62	9.115
3589152662	0.281	3.589	9.153
3589152667	0.248	3.566	9.174
3589152672	0.221	3.561	9.182
3589152677	0.202	3.553	9.173
3589152682	0.195	3.55	9.168
3589152687	0.191	3.543	9.194
3589152692	0.195	3.532	9.216
3589152697	0.23	3.513	9.218
3589152702	0.271	3.508	9.196
3589152707	0.308	3.524	9.159
3589152712	0.341	3.557	9.087
3589152717	0.369	3.596	9.01
3589152722	0.368	3.625	8.964
3589152727	0.373	3.633	8.952
3589152732	0.393	3.609	8.957
3589152737	0.414	3.573	8.974
3589152742	0.432	3.55	8.987
3589152747	0.443	3.536	8.993
3589152752	0.442	3.538	9.006
3589152757	0.443	3.556	9.022
3589152762	0.459	3.567	9.054
3589152767	0.482	3.563	9.101
3589152772	0.509	3.564	9.138
3589152777	0.523	3.558	9.149
3589152782	0.533	3.536	9.14
3589152787	0.548	3.515	9.102
3589152792	0.573	3.498	9.054
3589152798	0.613	3.473	9.018
3589152803	0.667	3.446	9.015
3589152808	0.525	3.456	8.832
3589152813	0.301	3.524	8.31
3589152818	0.278	3.535	7.951
3589152823	0.484	3.455	7.747
3589152828	0.731	3.381	7.668
3589152833	1.085	3.329	7.984
3589152838	1.429	3.242	8.807
3589152843	1.502	3.243	9.545
3589152848	1.333	3.37	10.129
3589152853	1.165	3.517	10.546
3589152858	1.066	3.618	10.754
3589152863	1.012	3.674	10.824
3589152868	1.019	3.651	10.809
3589152873	1.047	3.536	10.726
3589152878	1.018	3.366	10.522
3589152883	0.782	3.266	10.104
3589152888	0.36	3.304	9.452
3589152893	-0.042	3.457	8.677
3589152898	-0.474	3.71	7.877
3589152903	-0.613	3.943	7.166
3589152908	-0.188	4.018	6.702
3589152913	0.56	3.966	6.557
3589152918	1.187	3.872	6.709
3589152923	1.661	3.735	7.112
3589152928	1.726	3.616	7.656
3589152933	1.391	3.536	8.187
3589152938	0.94	3.458	8.609
3589152943	0.6	3.376	8.885
3589152948	0.431	3.32	9.057
3589152953	0.399	3.321	9.224
3589152958	0.425	3.383	9.444
3589152963	0.474	3.453	9.715
3589152968	0.52	3.504	9.972
3589152973	0.536	3.534	10.148
3589152978	0.511	3.555	10.207
3589152983	0.456	3.566	10.163
3589152988	0.353	3.577	10.046
3589152993	0.197	3.581	9.899
3589152998	-0.02	3.579	9.789
3589153003	-0.175	3.54	9.761
3589153008	-0.179	3.446	9.786
3589153013	-0.174	3.344	9.826
3589153018	-0.177	3.26	9.879
3589153023	-0.115	3.187	9.916
3589153028	-0.09	3.13	9.9
3589153033	-0.18	3.114	9.843
3589153038	-0.231	3.095	9.767
3589153043	-0.212	3.057	9.653
3589153048	-0.162	3.015	9.508
3589153053	-0.098	2.987	9.348
3589153058	-0.026	2.975	9.22
3589153063	0.042	2.993	9.13
3589153068	0.096	3.031	9.088
3589153073	0.121	3.081	9.087
3589153078	0.134	3.142	9.12
3589153083	0.133	3.209	9.154
3589153088	0.124	3.261	9.188
3589153093	0.107	3.297	9.223
3589153098	0.105	3.321	9.257
3589153103	0.113	3.33	9.287
3589153108	0.113	3.329	9.316
3589153113	0.098	3.329	9.343
3589153118	0.085	3.324	9.358
3589153123	0.074	3.32	9.345
3589153128	0.053	3.311	9.325
3589153133	0.035	3.301	9.306
3589153138	0.03	3.304	9.284
3589153143	0.023	3.328	9.267
3589153148	0.004	3.375	9.285
3589153153	-0.015	3.44	9.313
3589153158	-0.037	3.51	9.344
3589153163	-0.058	3.568	9.367
3589153168	-0.083	3.595	9.378
3589153173	-0.115	3.584	9.385
3589153178	-0.147	3.551	9.395
3589153183	-0.13	3.461	9.306
3589153188	-0.076	3.323	9.098
3589153193	0.019	3.216	8.864
3589153198	0.16	3.148	8.634
3589153203	0.322	3.099	8.46
3589153208	0.446	3.108	8.457
3589153213	0.535	3.182	8.649
3589153219	0.583	3.25	8.929
3589153224	0.586	3.3	9.229
3589153229	0.563	3.322	9.472
3589153234	0.522	3.319	9.639
3589153239	0.458	3.27	9.735
3589153244	0.37	3.184	9.779
3589153249	0.259	3.084	9.765
3589153254	0.123	2.993	9.691
3589153259	-0.014	2.924	9.563
3589153264	-0.136	2.901	9.386
3589153269	-0.226	2.914	9.189
3589153274	-0.283	2.945	9.003
3589153279	-0.324	2.99	8.84
3589153284	-0.367	3.037	8.718
3589153289	-0.417	3.062	8.629
3589153294	-0.471	3.071	8.549
3589153299	-0.527	3.049	8.494
3589153304	-0.557	2.99	8.508
3589153309	-0.555	2.895	8.612
3589153314	-0.529	2.796	8.813
3589153319	-0.498	2.703	9.077
3589153324	-0.463	2.625	9.342
3589153329	-0.402	2.506	9.592
3589153334	-0.384	2.457	9.675
3589153339	-0.449	2.476	9.585
3589153344	-0.51	2.473	9.493
3589153349	-0.591	2.486	9.374
3589153354	-0.785	2.591	9.191
3589153359	-1.011	2.672	9.11
3589153364	-1.205	2.697	9.165
3589153369	-1.436	2.722	9.201
3589153374	-1.678	2.711	9.259
3589153379	-1.863	2.645	9.347
3589153384	-1.987	2.523	9.412
3589153389	-2.056	2.364	9.424
3589153394	-2.074	2.199	9.386
3589153399	-2.032	2.036	9.321
3589153404	-1.927	1.891	9.242
3589153409	-1.778	1.793	9.193
3589153414	-1.61	1.754	9.212
3589153419	-1.447	1.773	9.31
3589153424	-1.329	1.852	9.481
3589153429	-1.288	1.969	9.735
3589153434	-1.336	2.099	10.024
3589153439	-1.468	2.208	10.314
3589153444	-1.661	2.292	10.592
3589153449	-1.885	2.342	10.797
3589153454	-2.1	2.353	10.908
3589153459	-2.263	2.334	10.953
3589153464	-2.33	2.292	10.927
3589153469	-2.282	2.238	10.845
3589153474	-2.115	2.186	10.755
3589153479	-1.848	2.153	10.655
3589153484	-1.511	2.141	10.545
3589153489	-1.158	2.154	10.43
3589153494	-0.821	2.171	10.3
3589153499	-0.517	2.186	10.184
3589153504	-0.273	2.198	10.1
3589153509	-0.123	2.204	10.053
3589153514	-0.092	2.221	10.052
3589153519	-0.195	2.255	10.106
3589153524	-0.429	2.3	10.19
3589153529	-0.758	2.335	10.249
3589153534	-1.118	2.353	10.252
3589153539	-1.441	2.345	10.199
3589153544	-1.683	2.311	10.05
3589153549	-1.846	2.265	9.574
3589153554	-1.958	2.261	8.984
3589153559	-2.036	2.316	8.586
3589153564	-2.089	2.401	8.455
3589153569	-2.107	2.506	8.505
3589153574	-2.086	2.643	8.829
3589153579	-2.042	2.774	9.151
3589153584	-2.009	2.875	9.229
3589153589	-1.992	2.933	9.042
3589153594	-1.99	2.949	8.754
3589153599	-1.984	2.92	8.501
3589153604	-1.941	2.866	8.412
3589153609	-1.853	2.825	8.456
3589153614	-1.754	2.844	8.551
3589153619	-1.663	2.921	8.638
3589153624	-1.594	3.023	8.77
3589153629	-1.553	3.118	8.944
3589153634	-1.536	3.18	9.138
3589153639	-1.553	3.204	9.365
3589153644	-1.615	3.214	9.611
3589153649	-1.69	3.239	9.786
3589153654	-1.735	3.281	9.878
3589153660	-1.738	3.327	9.91
3589153665	-1.675	3.369	9.868
3589153670	-1.565	3.401	9.78
3589153675	-1.467	3.413	9.691
3589153680	-1.402	3.411	9.579
3589153685	-1.368	3.416	9.457
3589153690	-1.359	3.443	9.331
3589153695	-1.367	3.512	9.203
3589153700	-1.485	3.679	8.987
3589153705	-1.802	3.989	8.198
3589153710	-2.079	4.322	7.047
3589153715	-2.078	4.56	6.058
3589153720	-1.88	4.714	5.152
3589153725	-1.475	4.788	4.282
3589153730	-0.788	4.751	4.116
3589153735	-0.134	4.723	4.468
3589153740	0.194	4.795	4.823
3589153745	0.265	4.943	5.297
3589153750	0.18	5.091	5.986
3589153755	-0.049	5.184	6.633
3589153760	-0.354	5.152	7.111
3589153765	-0.703	5.062	7.36
3589153770	-1.066	4.941	7.401
3589153775	-1.404	4.791	7.318
3589153780	-1.729	4.683	7.178
3589153785	-2.039	4.689	7.058
3589153790	-2.273	4.734	7.007
3589153795	-2.383	4.74	6.981
3589153800	-2.381	4.709	6.975
3589153805	-2.282	4.628	6.996
3589153810	-2.118	4.508	7.05
3589153815	-1.966	4.396	7.142
3589153820	-1.899	4.348	7.248
3589153825	-1.935	4.383	7.306
3589153830	-2.042	4.489	7.319
3589153835	-2.142	4.642	7.306
3589153840	-2.153	4.802	7.256
3589153845	-2.036	4.918	7.143
3589153850	-1.789	4.997	7.037
3589153855	-1.447	5.041	6.997
3589153860	-1.096	5.039	6.966
3589153865	-0.833	4.982	7.008
3589153870	-0.818	4.865	7.342
3589153875	-0.941	4.801	7.633
3589153880	-1.118	4.774	7.686
3589153885	-1.32	4.743	7.556
3589153890	-1.466	4.716	7.402
3589153895	-1.392	4.729	7.196
3589153900	-1.194	4.636	7.273
3589153905	-0.934	4.443	7.661
3589153910	-0.637	4.222	8.271
3589153915	-0.346	4.006	8.932
3589153920	-0.106	3.805	9.499
3589153925	0.038	3.637	9.919
3589153930	0.072	3.515	10.331
3589153935	0.022	3.425	10.835
3589153940	-0.089	3.367	11.289
3589153945	-0.204	3.384	11.521
3589153950	-0.258	3.489	11.646
3589153955	-0.247	3.621	11.729
3589153960	-0.157	3.765	11.663
3589153965	0.011	3.907	11.43
3589153970	0.193	4.017	11.185
3589153975	0.316	4.091	10.855
3589153980	0.375	4.172	10.356
3589153985	0.342	4.262	9.773
3589153990	0.208	4.342	9.251
3589153995	-0.002	4.397	8.833
3589154000	-0.232	4.411	8.501
3589154005	-0.455	4.381	8.242
3589154010	-0.635	4.307	8.06
3589154015	-0.761	4.207	7.936
3589154020	-0.836	4.082	7.835
3589154025	-0.887	3.956	7.741
3589154030	-0.938	3.852	7.672
3589154035	-1.012	3.796	7.626
3589154040	-1.106	3.778	7.611
3589154045	-1.214	3.796	7.647
3589154050	-1.335	3.837	7.758
3589154055	-1.438	3.877	7.946
3589154060	-1.502	3.896	8.173
3589154065	-1.523	3.897	8.399
3589154070	-1.514	3.886	8.619
3589154075	-1.467	3.862	8.828
3589154080	-1.405	3.853	9.006
3589154085	-1.352	3.862	9.152
3589154090	-1.308	3.892	9.283
3589154095	-1.275	3.939	9.395
3589154101	-1.252	4.0	9.454
3589154106	-1.23	4.057	9.466
3589154111	-1.208	4.12	9.433
3589154116	-1.187	4.186	9.354
3589154121	-1.152	4.241	9.225
3589154126	-1.105	4.279	9.063
3589154131	-1.057	4.303	8.882
3589154136	-1.006	4.308	8.719
3589154141	-0.953	4.295	8.588
3589154146	-0.904	4.267	8.492
3589154151	-0.862	4.236	8.425
3589154156	-0.832	4.212	8.385
3589154161	-0.811	4.192	8.377
3589154166	-0.784	4.178	8.397
3589154171	-0.743	4.164	8.431
3589154176	-0.681	4.142	8.466
3589154181	-0.589	4.106	8.482
3589154186	-0.467	4.048	8.47
3589154191	-0.33	3.979	8.446
3589154196	-0.198	3.912	8.393
3589154201	-0.085	3.862	8.333
3589154206	-0.003	3.83	8.308
3589154211	0.047	3.82	8.33
3589154216	0.061	3.811	8.377
3589154221	0.058	3.802	8.481
3589154226	0.048	3.788	8.641
3589154231	0.025	3.755	8.827
3589154236	-0.008	3.729	9.005
3589154241	-0.061	3.717	9.176
3589154246	-0.13	3.711	9.318
3589154251	-0.216	3.715	9.423
3589154256	-0.312	3.726	9.481
3589154261	-0.409	3.736	9.5
3589154266	-0.486	3.746	9.473
3589154271	-0.547	3.76	9.41
3589154276	-0.589	3.772	9.306
3589154281	-0.605	3.781	9.165
3589154286	-0.592	3.786	9.0
3589154291	-0.565	3.79	8.818
3589154296	-0.537	3.794	8.633
3589154301	-0.51	3.799	8.477
3589154306	-0.48	3.819	8.356
3589154311	-0.46	3.847	8.282
3589154316	-0.455	3.879	8.251
3589154321	-0.449	3.917	8.267
3589154326	-0.438	3.945	8.301
3589154331	-0.436	3.957	8.348
3589154336	-0.425	3.959	8.398
3589154341	-0.406	3.939	8.45
3589154346	-0.386	3.905	8.497
3589154351	-0.373	3.875	8.536
3589154356	-0.362	3.854	8.579
3589154361	-0.366	3.846	8.614
3589154366	-0.381	3.852	8.651
3589154371	-0.387	3.866	8.678
3589154376	-0.272	3.876	8.682
3589154381	0.018	3.929	8.726
3589154386	0.346	4.031	8.819
3589154391	0.652	4.153	8.883
3589154396	0.924	4.295	8.951
3589154401	1.038	4.428	9.08
3589154406	0.906	4.469	9.187
3589154411	0.663	4.413	9.264
3589154416	0.381	4.302	9.385
3589154421	0.061	4.14	9.516
3589154426	-0.257	3.972	9.623
3589154431	-0.528	3.828	9.726
3589154436	-0.74	3.716	9.816
3589154441	-0.888	3.629	9.913
3589154446	-0.98	3.56	9.999
3589154451	-1.021	3.486	10.079
3589154456	-1.026	3.416	10.128
3589154461	-1.006	3.352	10.143
3589154466	-0.971	3.299	10.107
3589154471	-0.924	3.273	10.031
3589154476	-0.874	3.272	9.919
3589154481	-0.821	3.29	9.775
3589154486	-0.76	3.305	9.62
3589154491	-0.689	3.313	9.456
3589154496	-0.624	3.289	9.29
3589154501	-0.582	3.257	9.13
3589154506	-0.56	3.235	8.997
3589154511	-0.557	3.241	8.891
3589154516	-0.578	3.271	8.819
3589154521	-0.61	3.319	8.786
3589154526	-0.633	3.375	8.788
3589154531	-0.643	3.428	8.815
3589154536	-0.637	3.466	8.852
3589154541	-0.62	3.487	8.893
3589154546	-0.59	3.514	8.93
3589154551	-0.549	3.532	8.949
3589154557	-0.508	3.538	8.961
3589154562	-0.481	3.533	8.961
3589154567	-0.474	3.529	8.964
3589154572	-0.484	3.528	8.975
3589154577	-0.524	3.535	9.001
3589154582	-0.586	3.533	9.022
3589154587	-0.654	3.529	9.046
3589154592	-0.707	3.515	9.055
3589154597	-0.754	3.488	9.05
3589154602	-0.786	3.454	9.026
3589154607	-0.807	3.425	8.987
3589154612	-0.823	3.401	8.949
3589154617	-0.836	3.377	8.919
3589154622	-0.841	3.357	8.902
3589154627	-0.841	3.339	8.901
3589154632	-0.833	3.328	8.917
3589154637	-0.811	3.318	8.938
3589154642	-0.777	3.309	8.974
3589154647	-0.74	3.289	9.005
3589154652	-0.699	3.273	9.037
3589154657	-0.673	3.263	9.076
3589154662	-0.675	3.262	9.11
3589154667	-0.703	3.264	9.133
3589154672	-0.746	3.266	9.146
3589154677	-0.804	3.264	9.149
3589154682	-0.849	3.244	9.136
3589154687	-0.877	3.211	9.115
3589154692	-0.885	3.175	9.09
3589154697	-0.883	3.156	9.068
3589154702	-0.871	3.15	9.043
3589154707	-0.849	3.153	9.014
3589154712	-0.822	3.175	8.987
3589154717	-0.79	3.202	8.946
3589154722	-0.742	3.231	8.9
3589154727	-0.692	3.26	8.853
3589154732	-0.654	3.294	8.814
3589154737	-0.622	3.326	8.781
3589154742	-0.6	3.356	8.774
3589154747	-0.6	3.374	8.786
3589154752	-0.607	3.386	8.822
3589154757	-0.626	3.385	8.875
3589154762	-0.657	3.381	8.933
3589154767	-0.706	3.372	8.981
3589154772	-0.758	3.359	9.034
3589154777	-0.808	3.354	9.082
3589154782	-0.84	3.355	9.131
3589154787	-0.858	3.349	9.182
3589154792	-0.852	3.356	9.245
3589154797	-0.833	3.358	9.308
3589154802	-0.809	3.349	9.366
3589154807	-0.79	3.338	9.413
3589154812	-0.766	3.335	9.459
3589154817	-0.747	3.323	9.482
3589154822	-0.738	3.332	9.48
3589154827	-0.737	3.354	9.461
3589154832	-0.74	3.38	9.43
3589154837	-0.75	3.398	9.371
3589154842	-0.759	3.412	9.306
3589154847	-0.756	3.411	9.242
3589154852	-0.746	3.406	9.177
3589154857	-0.738	3.401	9.103
3589154862	-0.738	3.4	9.033
3589154867	-0.755	3.403	8.959
3589154872	-0.785	3.411	8.879
3589154877	-0.82	3.414	8.805
3589154882	-0.85	3.414	8.742
3589154887	-0.865	3.414	8.699
3589154892	-0.858	3.406	8.672
3589154897	-0.85	3.39	8.666
3589154902	-0.839	3.369	8.668
3589154907	-0.833	3.353	8.689
3589154912	-0.837	3.336	8.713
3589154917	-0.862	3.326	8.748
3589154922	-0.882	3.32	8.79
3589154927	-0.898	3.322	8.825
3589154932	-0.908	3.315	8.85
3589154937	-0.907	3.298	8.877
3589154942	-0.897	3.284	8.893
3589154947	-0.898	3.276	8.893
3589154952	-0.911	3.275	8.899
3589154957	-0.938	3.281	8.908
3589154962	-0.975	3.303	8.918
3589154967	-1.018	3.324	8.93
3589154972	-1.051	3.342	8.952
3589154977	-1.077	3.348	8.982
3589154982	-1.109	3.359	9.014
3589154987	-1.141	3.36	9.046
3589154992	-1.168	3.367	9.084
3589154998	-1.202	3.368	9.135
3589155003	-1.229	3.364	9.171
3589155008	-1.244	3.352	9.208
3589155013	-1.25	3.336	9.252
3589155018	-1.249	3.314	9.3
3589155023	-1.234	3.294	9.344
3589155028	-1.205	3.289	9.4
3589155033	-1.167	3.284	9.452
3589155038	-1.131	3.283	9.499
3589155043	-1.092	3.276	9.539
3589155048	-1.059	3.274	9.574
3589155053	-1.049	3.263	9.608
3589155058	-1.047	3.248	9.643
3589155063	-1.05	3.229	9.667
3589155068	-1.066	3.213	9.683
3589155073	-1.089	3.193	9.682
3589155078	-1.101	3.172	9.661
3589155083	-1.105	3.162	9.618
3589155088	-1.098	3.154	9.562
3589155093	-1.083	3.141	9.493
3589155098	-1.05	3.13	9.423
3589155103	-1.014	3.133	9.355
3589155108	-0.979	3.128	9.291
3589155113	-0.953	3.136	9.225
3589155118	-0.93	3.149	9.172
3589155123	-0.92	3.164	9.119
3589155128	-0.924	3.176	9.072
3589155133	-0.938	3.193	9.027
3589155138	-0.953	3.196	8.988
3589155143	-0.964	3.199	8.959
3589155148	-0.974	3.199	8.937
3589155153	-0.981	3.191	8.915
3589155158	-0.985	3.177	8.9
3589155163	-0.982	3.169	8.892
3589155168	-0.988	3.156	8.881
3589155173	-0.99	3.147	8.877
3589155178	-0.994	3.142	8.878
3589155183	-1.0	3.154	8.888
3589155188	-1.003	3.167	8.905
3589155193	-1.0	3.187	8.93
3589155198	-0.996	3.204	8.956
3589155203	-0.983	3.208	8.989
3589155208	-0.97	3.199	9.018
3589155213	-0.97	3.185	9.048
3589155218	-0.973	3.17	9.077
3589155223	-0.985	3.156	9.105
3589155228	-1.009	3.148	9.135
3589155233	-1.026	3.148	9.162
3589155238	-1.034	3.154	9.182
3589155243	-1.041	3.159	9.194
3589155248	-1.038	3.166	9.198
3589155253	-1.027	3.179	9.19
3589155258	-1.014	3.184	9.173
3589155263	-1.001	3.186	9.157
3589155268	-0.987	3.193	9.144
3589155273	-0.987	3.201	9.135
3589155278	-0.983	3.198	9.124
3589155283	-0.975	3.205	9.126
3589155288	-0.966	3.217	9.13
3589155293	-0.954	3.234	9.126
3589155298	-0.931	3.252	9.124
3589155303	-0.908	3.28	9.131
3589155308	-0.901	3.297	9.127
3589155313	-0.896	3.305	9.123
3589155318	-0.891	3.305	9.123
3589155323	-0.884	3.3	9.117
3589155328	-0.875	3.286	9.105
3589155333	-0.859	3.274	9.104
3589155338	-0.844	3.266	9.106
3589155343	-0.834	3.258	9.105
3589155348	-0.833	3.256	9.099
3589155353	-0.836	3.26	9.097
3589155358	-0.838	3.259	9.087
3589155363	-0.833	3.259	9.069
3589155368	-0.828	3.25	9.052
3589155373	-0.819	3.239	9.04
3589155378	-0.813	3.231	9.028
3589155383	-0.808	3.228	9.028
3589155388	-0.801	3.227	9.031
3589155393	-0.788	3.232	9.037
3589155398	-0.77	3.237	9.052
3589155403	-0.751	3.237	9.057
3589155408	-0.736	3.237	9.043
3589155413	-0.731	3.234	9.036
3589155418	-0.735	3.237	9.026
3589155423	-0.748	3.238	9.005
3589155428	-0.751	3.244	8.993
3589155433	-0.742	3.261	8.99
3589155439	-0.725	3.276	8.973
3589155444	-0.696	3.283	8.957
3589155449	-0.662	3.287	8.946
3589155454	-0.639	3.291	8.93
3589155459	-0.627	3.286	8.912
3589155464	-0.629	3.282	8.906
3589155469	-0.633	3.276	8.899
3589155474	-0.643	3.263	8.89
3589155479	-0.647	3.256	8.899
3589155484	-0.646	3.251	8.915
3589155489	-0.637	3.242	8.928
3589155494	-0.625	3.234	8.953
3589155499	-0.619	3.231	8.99
3589155504	-0.622	3.219	9.02
3589155509	-0.636	3.202	9.047
3589155514	-0.656	3.19	9.079
3589155519	-0.681	3.184	9.109
3589155524	-0.693	3.181	9.127
3589155529	-0.694	3.175	9.144
3589155534	-0.684	3.172	9.16
3589155539	-0.666	3.169	9.175
3589155544	-0.646	3.17	9.181
3589155549	-0.632	3.178	9.193
3589155554	-0.623	3.194	9.197
3589155559	-0.62	3.213	9.197
3589155564	-0.619	3.228	9.195
3589155569	-0.627	3.237	9.19
3589155574	-0.637	3.239	9.167
3589155579	-0.648	3.236	9.141
3589155584	-0.66	3.225	9.105
3589155589	-0.669	3.209	9.056
3589155594	-0.676	3.192	9.006
3589155599	-0.687	3.18	8.964
3589155604	-0.7	3.173	8.918
3589155609	-0.717	3.175	8.883
3589155614	-0.739	3.184	8.866
3589155619	-0.761	3.196	8.867
3589155624	-0.78	3.207	8.885
3589155629	-0.8	3.217	8.926
3589155634	-0.817	3.218	8.987
3589155639	-0.837	3.223	9.052
3589155644	-0.861	3.233	9.119
3589155649	-0.875	3.242	9.183
3589155654	-0.875	3.24	9.241
3589155659	-0.878	3.247	9.273
3589155664	-0.873	3.252	9.296
3589155669	-0.868	3.251	9.306
3589155674	-0.872	3.252	9.299
3589155679	-0.877	3.256	9.283
3589155684	-0.878	3.26	9.267
3589155689	-0.885	3.261	9.239
3589155694	-0.884	3.264	9.212
3589155699	-0.881	3.266	9.19
3589155704	-0.883	3.274	9.178
3589155709	-0.879	3.282	9.174
3589155714	-0.867	3.298	9.191
3589155719	-0.856	3.311	9.218
3589155724	-0.835	3.324	9.256
3589155729	-0.808	3.334	9.295
3589155734	-0.786	3.341	9.344
3589155739	-0.771	3.331	9.394
3589155744	-0.759	3.316	9.431
3589155749	-0.75	3.299	9.459
3589155754	-0.748	3.281	9.479
3589155759	-0.748	3.261	9.479
3589155764	-0.75	3.246	9.46
3589155769	-0.751	3.233	9.436
3589155774	-0.756	3.225	9.401
3589155779	-0.757	3.219	9.36
3589155784	-0.75	3.216	9.313
3589155789	-0.739	3.224	9.26
3589155794	-0.732	3.234	9.205
3589155799	-0.721	3.246	9.157
3589155804	-0.709	3.261	9.116
3589155809	-0.699	3.271	9.078
3589155814	-0.69	3.27	9.048
3589155819	-0.675	3.265	9.034
3589155824	-0.666	3.254	9.021
3589155829	-0.659	3.237	9.02
3589155834	-0.652	3.226	9.037
3589155839	-0.641	3.218	9.068
3589155844	-0.632	3.213	9.11
3589155849	-0.625	3.215	9.162
3589155854	-0.629	3.215	9.212
3589155859	-0.637	3.206	9.262
3589155864	-0.649	3.201	9.314
3589155869	-0.667	3.199	9.361
3589155874	-0.681	3.182	9.397
3589155880	-0.679	3.175	9.43
3589155885	-0.674	3.17	9.446
3589155890	-0.661	3.16	9.441
3589155895	-0.644	3.147	9.424
3589155900	-0.624	3.139	9.403
3589155905	-0.61	3.128	9.367
3589155910	-0.6	3.124	9.334
3589155915	-0.593	3.126	9.3
3589155920	-0.581	3.126	9.263
3589155925	-0.575	3.127	9.22
3589155930	-0.572	3.129	9.179
3589155935	-0.567	3.13	9.136
3589155940	-0.567	3.127	9.089
3589155945	-0.573	3.128	9.038
3589155950	-0.574	3.128	8.989
3589155955	-0.57	3.129	8.945
3589155960	-0.56	3.128	8.907
3589155965	-0.551	3.126	8.886
3589155970	-0.542	3.126	8.881
3589155975	-0.532	3.126	8.892
3589155980	-0.529	3.126	8.914
3589155985	-0.537	3.128	8.942
3589155990	-0.544	3.137	8.975
3589155995	-0.546	3.144	9.009
3589156000	-0.552	3.146	9.047
3589156005	-0.555	3.148	9.095
3589156010	-0.554	3.148	9.141
3589156015	-0.553	3.144	9.181
3589156020	-0.555	3.138	9.213
3589156025	-0.553	3.138	9.235
3589156030	-0.551	3.139	9.237
3589156035	-0.55	3.147	9.232
3589156040	-0.55	3.149	9.213
3589156045	-0.544	3.158	9.179
3589156050	-0.539	3.166	9.133
3589156055	-0.526	3.175	9.081
3589156060	-0.527	3.176	9.017
3589156065	-0.528	3.182	8.955
3589156070	-0.527	3.186	8.904
3589156075	-0.529	3.187	8.858
3589156080	-0.533	3.184	8.82
3589156085	-0.52	3.184	8.801
3589156090	-0.492	3.187	8.793
3589156095	-0.466	3.19	8.802
3589156100	-0.441	3.195	8.835
3589156105	-0.423	3.205	8.882
3589156110	-0.414	3.216	8.941
3589156115	-0.42	3.217	9.009
3589156120	-0.437	3.215	9.069
3589156125	-0.453	3.207	9.122
3589156130	-0.471	3.2	9.173
3589156135	-0.484	3.193	9.207
3589156140	-0.497	3.196	9.225
3589156145	-0.496	3.204	9.236
3589156150	-0.496	3.215	9.237
3589156155	-0.488	3.229	9.226
3589156160	-0.481	3.238	9.207
3589156165	-0.462	3.243	9.186
3589156170	-0.444	3.244	9.152
3589156175	-0.425	3.248	9.114
3589156180	-0.409	3.245	9.07
3589156185	-0.4	3.25	9.038
3589156190	-0.408	3.256	9.007
3589156195	-0.428	3.256	8.988
3589156200	-0.444	3.255	8.971
3589156205	-0.455	3.25	8.963
3589156210	-0.458	3.236	8.957
3589156215	-0.45	3.217	8.961
3589156220	-0.437	3.205	8.963
3589156225	-0.433	3.2	8.97
3589156230	-0.433	3.194	8.983
3589156235	-0.434	3.191	8.999
3589156240	-0.446	3.198	9.015
3589156245	-0.457	3.212	9.036
3589156250	-0.466	3.213	9.067
3589156255	-0.485	3.212	9.096
3589156260	-0.511	3.208	9.132
3589156265	-0.53	3.196	9.182
3589156270	-0.554	3.176	9.241
3589156275	-0.574	3.164	9.303
3589156280	-0.581	3.158	9.372
3589156285	-0.591	3.16	9.451
3589156290	-0.605	3.163	9.521
3589156295	-0.616	3.159	9.576
3589156300	-0.632	3.152	9.616
3589156305	-0.652	3.145	9.635
3589156310	-0.666	3.132	9.619
3589156315	-0.672	3.12	9.589
3589156321	-0.671	3.115	9.55
3589156326	-0.655	3.115	9.498
3589156331	-0.631	3.121	9.44
3589156336	-0.599	3.124	9.378
3589156341	-0.57	3.138	9.309
3589156346	-0.551	3.154	9.243
3589156351	-0.546	3.17	9.183
3589156356	-0.542	3.185	9.131
3589156361	-0.536	3.204	9.087
3589156366	-0.513	3.224	9.053
3589156371	-0.474	3.237	9.025
3589156376	-0.422	3.245	9.008
3589156381	-0.362	3.248	8.994
3589156386	-0.301	3.254	8.998
3589156391	-0.25	3.254	9.006
3589156396	-0.214	3.252	9.02
3589156401	-0.206	3.253	9.042
3589156406	-0.224	3.243	9.078
3589156411	-0.279	3.215	9.117
3589156416	-0.35	3.178	9.167
3589156421	-0.43	3.133	9.221
3589156426	-0.503	3.082	9.277
3589156431	-0.569	3.038	9.323
3589156436	-0.611	2.999	9.357
3589156441	-0.648	2.96	9.373
3589156446	-0.68	2.933	9.365
3589156451	-0.713	2.913	9.333
3589156456	-0.741	2.899	9.284
3589156461	-0.77	2.893	9.206
3589156466	-0.783	2.885	9.125
3589156471	-0.767	2.879	9.041
3589156476	-0.722	2.876	8.955
3589156481	-0.65	2.883	8.883
3589156486	-0.553	2.906	8.826
3589156491	-0.452	2.954	8.777
3589156496	-0.352	3.014	8.745
3589156501	-0.264	3.079	8.732
3589156506	-0.203	3.142	8.723
3589156511	-0.163	3.19	8.737
3589156516	-0.14	3.229	8.77
3589156521	-0.15	3.259	8.818
3589156526	-0.187	3.273	8.89
3589156531	-0.233	3.275	8.988
3589156536	-0.304	3.277	9.095
3589156541	-0.385	3.266	9.199
3589156546	-0.463	3.246	9.306
3589156551	-0.526	3.231	9.395
3589156556	-0.578	3.219	9.462
3589156561	-0.606	3.205	9.502
3589156566	-0.61	3.191	9.526
3589156571	-0.603	3.173	9.521
3589156576	-0.593	3.153	9.49
3589156581	-0.58	3.133	9.438
3589156586	-0.57	3.113	9.376
3589156591	-0.568	3.103	9.304
3589156596	-0.566	3.103	9.227
3589156601	-0.558	3.113	9.148
3589156606	-0.545	3.127	9.077
3589156611	-0.524	3.153	9.012
3589156616	-0.503	3.179	8.954
3589156621	-0.482	3.203	8.913
3589156626	-0.459	3.226	8.896
3589156631	-0.445	3.249	8.893
3589156636	-0.453	3.259	8.908
3589156641	-0.474	3.259	8.942
3589156646	-0.517	3.252	8.986
3589156651	-0.571	3.242	9.045
3589156656	-0.622	3.227	9.11
3589156661	-0.649	3.182	9.293
3589156666	-0.69	3.197	9.614
3589156671	-0.732	3.182	9.802
3589156676	-0.716	3.097	9.883
3589156681	-0.662	3.049	9.918
3589156686	-0.61	3.095	9.773
3589156691	-0.51	3.13	9.382
3589156696	-0.368	3.222	9.008
3589156701	-0.262	3.388	8.639
3589156706	-0.18	3.506	8.285
3589156711	-0.06	3.507	8.066
3589156716	0.031	3.453	8.037
3589156721	0.041	3.371	8.134
3589156726	0.071	3.308	8.231
3589156731	0.1	3.224	8.419
